<?xml version="2.0" ?>
<Type>saved</Type>
<ActorObjects>
    <ActorObject t0="2.36062" t1="2" t2="1.50541" s0="1" s1="1" s2="1" q0="0" q1="0" q2="0" q3="1" euler_x="0" euler_y="0" euler_z="0" id="2" type_file="Data/Objects/IGF_Characters/base_guard_actor.xml" is_player="0">
        <parameters>
            <parameter name="Aggression" type="float" val="0.5" />
            <parameter name="Attack Damage" type="float" val="1" />
            <parameter name="Attack Knockback" type="float" val="1" />
            <parameter name="Attack Speed" type="float" val="1" />
            <parameter name="Block Follow-up" type="float" val="0.5" />
            <parameter name="Block Skill" type="float" val="0.5" />
            <parameter name="Cannot Be Disarmed" type="int" val="0" />
            <parameter name="Character Scale" type="float" val="1" />
            <parameter name="Damage Resistance" type="float" val="1" />
            <parameter name="Ear Size" type="float" val="1" />
            <parameter name="Fall Damage Multiplier" type="float" val="1" />
            <parameter name="Fat" type="float" val="0.5" />
            <parameter name="Fear - Afraid At Health Level" type="float" val="0" />
            <parameter name="Fear - Always Afraid On Sight" type="int" val="0" />
            <parameter name="Fear - Causes Fear On Sight" type="int" val="0" />
            <parameter name="Fear - Never Afraid On Sight" type="int" val="0" />
            <parameter name="Focus FOV distance" type="float" val="100" />
            <parameter name="Focus FOV horizontal" type="float" val="0.62834" />
            <parameter name="Focus FOV vertical" type="float" val="0.62834" />
            <parameter name="Ground Aggression" type="float" val="0.5" />
            <parameter name="Jump - Air Control" type="float" val="3" />
            <parameter name="Jump - Initial Velocity" type="float" val="5" />
            <parameter name="Jump - Jump Sustain" type="float" val="5" />
            <parameter name="Jump - Jump Sustain Boost" type="float" val="10" />
            <parameter name="Knockout Shield" type="int" val="0" />
            <parameter name="Left handed" type="int" val="0" />
            <parameter name="Movement Speed" type="float" val="1" />
            <parameter name="Muscle" type="float" val="0.5" />
            <parameter name="No Look Around" type="int" val="0" />
            <parameter name="Peripheral FOV distance" type="float" val="4" />
            <parameter name="Peripheral FOV horizontal" type="float" val="1.41376" />
            <parameter name="Peripheral FOV vertical" type="float" val="1.41376" />
            <parameter name="Species" type="string" val="rabbit" />
            <parameter name="Static" type="int" val="0" />
            <parameter name="Stick To Nav Mesh" type="int" val="0" />
            <parameter name="Teams" type="string" val="cat" />
            <parameter name="Throw Counter Probability" type="float" val="0.4" />
            <parameter name="Throw Trainer" type="int" val="0" />
            <parameter name="Weapon Catch Skill" type="float" val="1" />
            <parameter name="Wearing Metal Armor" type="int" val="1" />
        </parameters>
        <Connections>
            <Connection id="2" />
        </Connections>
        <ItemConnections />
        <Palette>
            <Color label="Clothes" channel="0" red="0.352941" green="0.0622837" blue="0.0622837" />
            <Color label="Fur" channel="1" red="0.278493" green="0.295118" blue="0.356863" />
            <Color label="Leather" channel="2" red="0.596078" green="0.345834" blue="0.210381" />
            <Color label="Armor" channel="3" red="0.176471" green="0.121243" blue="0.0913495" />
        </Palette>
        <EnvObjectAttachments>
            <EnvObjectAttachment>
                <BoneConnect bone_id="31" num_connections="1" m0="0.877762" m1="0.0285775" m2="-0.478243" m3="0" m4="0.459867" m5="-0.330225" m6="0.824303" m7="0" m8="-0.134371" m9="-0.94347" m10="-0.303001" m11="0" m12="0.0265813" m13="0.463475" m14="0.152219" m15="1" />
                <BoneConnect bone_id="-1" num_connections="0" m0="1" m1="0" m2="0" m3="0" m4="0" m5="1" m6="0" m7="0" m8="0" m9="0" m10="1" m11="0" m12="0" m13="0" m14="0" m15="1" />
                <BoneConnect bone_id="-1" num_connections="0" m0="1" m1="0" m2="0" m3="0" m4="0" m5="1" m6="0" m7="0" m8="0" m9="0" m10="1" m11="0" m12="0" m13="0" m14="0" m15="1" />
                <BoneConnect bone_id="-1" num_connections="0" m0="1" m1="0" m2="0" m3="0" m4="0" m5="1" m6="0" m7="0" m8="0" m9="0" m10="1" m11="0" m12="0" m13="0" m14="0" m15="1" />
            </EnvObjectAttachment>
            <EnvObjectAttachment>
                <BoneConnect bone_id="31" num_connections="1" m0="0.918295" m1="-0.00364631" m2="-0.39588" m3="0" m4="0.372396" m5="-0.331439" m6="0.866873" m7="0" m8="-0.134371" m9="-0.943469" m10="-0.303" m11="0" m12="0.0194168" m13="0.457533" m14="0.15224" m15="1" />
                <BoneConnect bone_id="-1" num_connections="0" m0="1" m1="0" m2="0" m3="0" m4="0" m5="1" m6="0" m7="0" m8="0" m9="0" m10="1" m11="0" m12="0" m13="0" m14="0" m15="1" />
                <BoneConnect bone_id="-1" num_connections="0" m0="1" m1="0" m2="0" m3="0" m4="0" m5="1" m6="0" m7="0" m8="0" m9="0" m10="1" m11="0" m12="0" m13="0" m14="0" m15="1" />
                <BoneConnect bone_id="-1" num_connections="0" m0="1" m1="0" m2="0" m3="0" m4="0" m5="1" m6="0" m7="0" m8="0" m9="0" m10="1" m11="0" m12="0" m13="0" m14="0" m15="1" />
            </EnvObjectAttachment>
            <EnvObjectAttachment>
                <BoneConnect bone_id="31" num_connections="1" m0="0.934763" m1="-0.0191998" m2="-0.354753" m3="0" m4="0.328882" m5="-0.330903" m6="0.884501" m7="0" m8="-0.134371" m9="-0.94347" m10="-0.303001" m11="0" m12="0.0194464" m13="0.442095" m14="0.145897" m15="1" />
                <BoneConnect bone_id="-1" num_connections="0" m0="1" m1="0" m2="0" m3="0" m4="0" m5="1" m6="0" m7="0" m8="0" m9="0" m10="1" m11="0" m12="0" m13="0" m14="0" m15="1" />
                <BoneConnect bone_id="-1" num_connections="0" m0="1" m1="0" m2="0" m3="0" m4="0" m5="1" m6="0" m7="0" m8="0" m9="0" m10="1" m11="0" m12="0" m13="0" m14="0" m15="1" />
                <BoneConnect bone_id="-1" num_connections="0" m0="1" m1="0" m2="0" m3="0" m4="0" m5="1" m6="0" m7="0" m8="0" m9="0" m10="1" m11="0" m12="0" m13="0" m14="0" m15="1" />
            </EnvObjectAttachment>
            <EnvObjectAttachment>
                <BoneConnect bone_id="31" num_connections="1" m0="0.903952" m1="0.00856747" m2="-0.427547" m3="0" m4="0.405974" m5="-0.331349" m6="0.8517" m7="0" m8="-0.134371" m9="-0.943469" m10="-0.303002" m11="0" m12="0.023968" m13="0.435549" m14="0.141023" m15="1" />
                <BoneConnect bone_id="-1" num_connections="0" m0="1" m1="0" m2="0" m3="0" m4="0" m5="1" m6="0" m7="0" m8="0" m9="0" m10="1" m11="0" m12="0" m13="0" m14="0" m15="1" />
                <BoneConnect bone_id="-1" num_connections="0" m0="1" m1="0" m2="0" m3="0" m4="0" m5="1" m6="0" m7="0" m8="0" m9="0" m10="1" m11="0" m12="0" m13="0" m14="0" m15="1" />
                <BoneConnect bone_id="-1" num_connections="0" m0="1" m1="0" m2="0" m3="0" m4="0" m5="1" m6="0" m7="0" m8="0" m9="0" m10="1" m11="0" m12="0" m13="0" m14="0" m15="1" />
            </EnvObjectAttachment>
            <EnvObjectAttachment>
                <BoneConnect bone_id="31" num_connections="1" m0="0.96568" m1="-0.0560869" m2="-0.253606" m3="0" m4="0.222275" m5="-0.326679" m6="0.918626" m7="0" m8="-0.134371" m9="-0.943469" m10="-0.303001" m11="0" m12="0.0193908" m13="0.428483" m14="0.139741" m15="1" />
                <BoneConnect bone_id="-1" num_connections="0" m0="1" m1="0" m2="0" m3="0" m4="0" m5="1" m6="0" m7="0" m8="0" m9="0" m10="1" m11="0" m12="0" m13="0" m14="0" m15="1" />
                <BoneConnect bone_id="-1" num_connections="0" m0="1" m1="0" m2="0" m3="0" m4="0" m5="1" m6="0" m7="0" m8="0" m9="0" m10="1" m11="0" m12="0" m13="0" m14="0" m15="1" />
                <BoneConnect bone_id="-1" num_connections="0" m0="1" m1="0" m2="0" m3="0" m4="0" m5="1" m6="0" m7="0" m8="0" m9="0" m10="1" m11="0" m12="0" m13="0" m14="0" m15="1" />
            </EnvObjectAttachment>
            <EnvObjectAttachment>
                <BoneConnect bone_id="31" num_connections="1" m0="0.918513" m1="-0.00383982" m2="-0.395372" m3="0" m4="0.371859" m5="-0.331438" m6="0.867106" m7="0" m8="-0.13437" m9="-0.943471" m10="-0.303002" m11="0" m12="0.0244019" m13="0.423845" m14="0.135803" m15="1" />
                <BoneConnect bone_id="-1" num_connections="0" m0="1" m1="0" m2="0" m3="0" m4="0" m5="1" m6="0" m7="0" m8="0" m9="0" m10="1" m11="0" m12="0" m13="0" m14="0" m15="1" />
                <BoneConnect bone_id="-1" num_connections="0" m0="1" m1="0" m2="0" m3="0" m4="0" m5="1" m6="0" m7="0" m8="0" m9="0" m10="1" m11="0" m12="0" m13="0" m14="0" m15="1" />
                <BoneConnect bone_id="-1" num_connections="0" m0="1" m1="0" m2="0" m3="0" m4="0" m5="1" m6="0" m7="0" m8="0" m9="0" m10="1" m11="0" m12="0" m13="0" m14="0" m15="1" />
            </EnvObjectAttachment>
            <EnvObjectAttachment>
                <BoneConnect bone_id="31" num_connections="1" m0="0.973575" m1="-0.0876555" m2="0.210874" m3="0" m4="-0.226635" m5="-0.257371" m6="0.939359" m7="0" m8="-0.0280671" m9="-0.962328" m10="-0.270436" m11="0" m12="-0.0211778" m13="0.46329" m14="0.153025" m15="1" />
                <BoneConnect bone_id="-1" num_connections="0" m0="1" m1="0" m2="0" m3="0" m4="0" m5="1" m6="0" m7="0" m8="0" m9="0" m10="1" m11="0" m12="0" m13="0" m14="0" m15="1" />
                <BoneConnect bone_id="-1" num_connections="0" m0="1" m1="0" m2="0" m3="0" m4="0" m5="1" m6="0" m7="0" m8="0" m9="0" m10="1" m11="0" m12="0" m13="0" m14="0" m15="1" />
                <BoneConnect bone_id="-1" num_connections="0" m0="1" m1="0" m2="0" m3="0" m4="0" m5="1" m6="0" m7="0" m8="0" m9="0" m10="1" m11="0" m12="0" m13="0" m14="0" m15="1" />
            </EnvObjectAttachment>
            <EnvObjectAttachment>
                <BoneConnect bone_id="31" num_connections="1" m0="0.976994" m1="-0.0836285" m2="0.196189" m3="0" m4="-0.211414" m5="-0.258707" m6="0.942536" m7="0" m8="-0.0280674" m9="-0.962329" m10="-0.270436" m11="0" m12="-0.0154107" m13="0.457097" m14="0.152753" m15="1" />
                <BoneConnect bone_id="-1" num_connections="0" m0="1" m1="0" m2="0" m3="0" m4="0" m5="1" m6="0" m7="0" m8="0" m9="0" m10="1" m11="0" m12="0" m13="0" m14="0" m15="1" />
                <BoneConnect bone_id="-1" num_connections="0" m0="1" m1="0" m2="0" m3="0" m4="0" m5="1" m6="0" m7="0" m8="0" m9="0" m10="1" m11="0" m12="0" m13="0" m14="0" m15="1" />
                <BoneConnect bone_id="-1" num_connections="0" m0="1" m1="0" m2="0" m3="0" m4="0" m5="1" m6="0" m7="0" m8="0" m9="0" m10="1" m11="0" m12="0" m13="0" m14="0" m15="1" />
            </EnvObjectAttachment>
            <EnvObjectAttachment>
                <BoneConnect bone_id="31" num_connections="1" m0="0.942298" m1="-0.11576" m2="0.314126" m3="0" m4="-0.333598" m5="-0.246015" m6="0.910049" m7="0" m8="-0.0280673" m9="-0.962329" m10="-0.270437" m11="0" m12="-0.0205827" m13="0.450738" m14="0.14834" m15="1" />
                <BoneConnect bone_id="-1" num_connections="0" m0="1" m1="0" m2="0" m3="0" m4="0" m5="1" m6="0" m7="0" m8="0" m9="0" m10="1" m11="0" m12="0" m13="0" m14="0" m15="1" />
                <BoneConnect bone_id="-1" num_connections="0" m0="1" m1="0" m2="0" m3="0" m4="0" m5="1" m6="0" m7="0" m8="0" m9="0" m10="1" m11="0" m12="0" m13="0" m14="0" m15="1" />
                <BoneConnect bone_id="-1" num_connections="0" m0="1" m1="0" m2="0" m3="0" m4="0" m5="1" m6="0" m7="0" m8="0" m9="0" m10="1" m11="0" m12="0" m13="0" m14="0" m15="1" />
            </EnvObjectAttachment>
            <EnvObjectAttachment>
                <BoneConnect bone_id="31" num_connections="1" m0="0.983674" m1="-0.0747001" m2="0.163724" m3="0" m4="-0.177758" m5="-0.261428" m6="0.948714" m7="0" m8="-0.028067" m9="-0.962329" m10="-0.270438" m11="0" m12="-0.0155752" m13="0.44457" m14="0.147451" m15="1" />
                <BoneConnect bone_id="-1" num_connections="0" m0="1" m1="0" m2="0" m3="0" m4="0" m5="1" m6="0" m7="0" m8="0" m9="0" m10="1" m11="0" m12="0" m13="0" m14="0" m15="1" />
                <BoneConnect bone_id="-1" num_connections="0" m0="1" m1="0" m2="0" m3="0" m4="0" m5="1" m6="0" m7="0" m8="0" m9="0" m10="1" m11="0" m12="0" m13="0" m14="0" m15="1" />
                <BoneConnect bone_id="-1" num_connections="0" m0="1" m1="0" m2="0" m3="0" m4="0" m5="1" m6="0" m7="0" m8="0" m9="0" m10="1" m11="0" m12="0" m13="0" m14="0" m15="1" />
            </EnvObjectAttachment>
            <EnvObjectAttachment>
                <BoneConnect bone_id="31" num_connections="1" m0="0.913209" m1="-0.13471" m2="0.384581" m3="0" m4="-0.406523" m5="-0.23617" m6="0.882587" m7="0" m8="-0.0280666" m9="-0.962328" m10="-0.270435" m11="0" m12="-0.0204992" m13="0.438346" m14="0.14226" m15="1" />
                <BoneConnect bone_id="-1" num_connections="0" m0="1" m1="0" m2="0" m3="0" m4="0" m5="1" m6="0" m7="0" m8="0" m9="0" m10="1" m11="0" m12="0" m13="0" m14="0" m15="1" />
                <BoneConnect bone_id="-1" num_connections="0" m0="1" m1="0" m2="0" m3="0" m4="0" m5="1" m6="0" m7="0" m8="0" m9="0" m10="1" m11="0" m12="0" m13="0" m14="0" m15="1" />
                <BoneConnect bone_id="-1" num_connections="0" m0="1" m1="0" m2="0" m3="0" m4="0" m5="1" m6="0" m7="0" m8="0" m9="0" m10="1" m11="0" m12="0" m13="0" m14="0" m15="1" />
            </EnvObjectAttachment>
            <EnvObjectAttachment>
                <BoneConnect bone_id="31" num_connections="1" m0="0.958656" m1="-0.11183" m2="0.261672" m3="0" m4="-0.284333" m5="-0.339238" m6="0.8967" m7="0" m8="-0.0115087" m9="-0.934029" m10="-0.35701" m11="0" m12="-0.0148563" m13="0.429845" m14="0.140492" m15="1" />
                <BoneConnect bone_id="-1" num_connections="0" m0="1" m1="0" m2="0" m3="0" m4="0" m5="1" m6="0" m7="0" m8="0" m9="0" m10="1" m11="0" m12="0" m13="0" m14="0" m15="1" />
                <BoneConnect bone_id="-1" num_connections="0" m0="1" m1="0" m2="0" m3="0" m4="0" m5="1" m6="0" m7="0" m8="0" m9="0" m10="1" m11="0" m12="0" m13="0" m14="0" m15="1" />
                <BoneConnect bone_id="-1" num_connections="0" m0="1" m1="0" m2="0" m3="0" m4="0" m5="1" m6="0" m7="0" m8="0" m9="0" m10="1" m11="0" m12="0" m13="0" m14="0" m15="1" />
            </EnvObjectAttachment>
            <EnvObjectAttachment>
                <BoneConnect bone_id="31" num_connections="1" m0="0.952336" m1="-0.107956" m2="0.285311" m3="0" m4="-0.303758" m5="-0.249539" m6="0.919491" m7="0" m8="-0.0280681" m9="-0.96233" m10="-0.270437" m11="0" m12="-0.0218937" m13="0.425018" m14="0.136654" m15="1" />
                <BoneConnect bone_id="-1" num_connections="0" m0="1" m1="0" m2="0" m3="0" m4="0" m5="1" m6="0" m7="0" m8="0" m9="0" m10="1" m11="0" m12="0" m13="0" m14="0" m15="1" />
                <BoneConnect bone_id="-1" num_connections="0" m0="1" m1="0" m2="0" m3="0" m4="0" m5="1" m6="0" m7="0" m8="0" m9="0" m10="1" m11="0" m12="0" m13="0" m14="0" m15="1" />
                <BoneConnect bone_id="-1" num_connections="0" m0="1" m1="0" m2="0" m3="0" m4="0" m5="1" m6="0" m7="0" m8="0" m9="0" m10="1" m11="0" m12="0" m13="0" m14="0" m15="1" />
            </EnvObjectAttachment>
            <EnvObjectAttachment>
                <BoneConnect bone_id="31" num_connections="1" m0="0.912557" m1="0.00138296" m2="-0.408948" m3="0" m4="0.38625" m5="-0.331451" m6="0.860785" m7="0" m8="-0.134356" m9="-0.943472" m10="-0.303002" m11="0" m12="0.0247765" m13="0.451081" m14="0.147479" m15="1" />
                <BoneConnect bone_id="-1" num_connections="0" m0="1" m1="0" m2="0" m3="0" m4="0" m5="1" m6="0" m7="0" m8="0" m9="0" m10="1" m11="0" m12="0" m13="0" m14="0" m15="1" />
                <BoneConnect bone_id="-1" num_connections="0" m0="1" m1="0" m2="0" m3="0" m4="0" m5="1" m6="0" m7="0" m8="0" m9="0" m10="1" m11="0" m12="0" m13="0" m14="0" m15="1" />
                <BoneConnect bone_id="-1" num_connections="0" m0="1" m1="0" m2="0" m3="0" m4="0" m5="1" m6="0" m7="0" m8="0" m9="0" m10="1" m11="0" m12="0" m13="0" m14="0" m15="1" />
            </EnvObjectAttachment>
            <EnvObjectAttachment>
                <BoneConnect bone_id="1" num_connections="1" m0="0.999999" m1="-5.67836e-005" m2="0.00151239" m3="0" m4="0.000195535" m5="0.995768" m6="-0.0919018" m7="0" m8="-0.00150077" m9="0.091902" m10="0.995767" m11="0" m12="0.00130486" m13="0.0825825" m14="-0.0149398" m15="1" />
                <BoneConnect bone_id="-1" num_connections="0" m0="1" m1="0" m2="0" m3="0" m4="0" m5="1" m6="0" m7="0" m8="0" m9="0" m10="1" m11="0" m12="0" m13="0" m14="0" m15="1" />
                <BoneConnect bone_id="-1" num_connections="0" m0="1" m1="0" m2="0" m3="0" m4="0" m5="1" m6="0" m7="0" m8="0" m9="0" m10="1" m11="0" m12="0" m13="0" m14="0" m15="1" />
                <BoneConnect bone_id="-1" num_connections="0" m0="1" m1="0" m2="0" m3="0" m4="0" m5="1" m6="0" m7="0" m8="0" m9="0" m10="1" m11="0" m12="0" m13="0" m14="0" m15="1" />
            </EnvObjectAttachment>
            <EnvObjectAttachment>
                <BoneConnect bone_id="1" num_connections="1" m0="0.899921" m1="-0.00604015" m2="-0.436011" m3="0" m4="7.75438e-005" m5="0.999906" m6="-0.0136919" m7="0" m8="0.436053" m9="0.0122878" m10="0.899837" m11="0" m12="0.160893" m13="0.148608" m14="0.0124431" m15="1" />
                <BoneConnect bone_id="-1" num_connections="0" m0="1" m1="0" m2="0" m3="0" m4="0" m5="1" m6="0" m7="0" m8="0" m9="0" m10="1" m11="0" m12="0" m13="0" m14="0" m15="1" />
                <BoneConnect bone_id="-1" num_connections="0" m0="1" m1="0" m2="0" m3="0" m4="0" m5="1" m6="0" m7="0" m8="0" m9="0" m10="1" m11="0" m12="0" m13="0" m14="0" m15="1" />
                <BoneConnect bone_id="-1" num_connections="0" m0="1" m1="0" m2="0" m3="0" m4="0" m5="1" m6="0" m7="0" m8="0" m9="0" m10="1" m11="0" m12="0" m13="0" m14="0" m15="1" />
            </EnvObjectAttachment>
            <EnvObjectAttachment>
                <BoneConnect bone_id="1" num_connections="1" m0="0.86678" m1="-0.00689509" m2="-0.498643" m3="0" m4="7.74281e-005" m5="0.999906" m6="-0.0136918" m7="0" m8="0.49869" m9="0.0118292" m10="0.8667" m11="0" m12="0.160057" m13="0.108463" m14="0.0133281" m15="1" />
                <BoneConnect bone_id="-1" num_connections="0" m0="1" m1="0" m2="0" m3="0" m4="0" m5="1" m6="0" m7="0" m8="0" m9="0" m10="1" m11="0" m12="0" m13="0" m14="0" m15="1" />
                <BoneConnect bone_id="-1" num_connections="0" m0="1" m1="0" m2="0" m3="0" m4="0" m5="1" m6="0" m7="0" m8="0" m9="0" m10="1" m11="0" m12="0" m13="0" m14="0" m15="1" />
                <BoneConnect bone_id="-1" num_connections="0" m0="1" m1="0" m2="0" m3="0" m4="0" m5="1" m6="0" m7="0" m8="0" m9="0" m10="1" m11="0" m12="0" m13="0" m14="0" m15="1" />
            </EnvObjectAttachment>
            <EnvObjectAttachment>
                <BoneConnect bone_id="1" num_connections="1" m0="0.86678" m1="-0.00689509" m2="-0.498643" m3="0" m4="7.74281e-005" m5="0.999906" m6="-0.0136918" m7="0" m8="0.49869" m9="0.0118292" m10="0.8667" m11="0" m12="0.161866" m13="0.0643609" m14="0.0170834" m15="1" />
                <BoneConnect bone_id="-1" num_connections="0" m0="1" m1="0" m2="0" m3="0" m4="0" m5="1" m6="0" m7="0" m8="0" m9="0" m10="1" m11="0" m12="0" m13="0" m14="0" m15="1" />
                <BoneConnect bone_id="-1" num_connections="0" m0="1" m1="0" m2="0" m3="0" m4="0" m5="1" m6="0" m7="0" m8="0" m9="0" m10="1" m11="0" m12="0" m13="0" m14="0" m15="1" />
                <BoneConnect bone_id="-1" num_connections="0" m0="1" m1="0" m2="0" m3="0" m4="0" m5="1" m6="0" m7="0" m8="0" m9="0" m10="1" m11="0" m12="0" m13="0" m14="0" m15="1" />
            </EnvObjectAttachment>
            <EnvObjectAttachment>
                <BoneConnect bone_id="1" num_connections="1" m0="0.86678" m1="-0.00689509" m2="-0.498643" m3="0" m4="7.74281e-005" m5="0.999906" m6="-0.0136918" m7="0" m8="0.49869" m9="0.0118292" m10="0.8667" m11="0" m12="0.161638" m13="0.0216122" m14="0.0172777" m15="1" />
                <BoneConnect bone_id="-1" num_connections="0" m0="1" m1="0" m2="0" m3="0" m4="0" m5="1" m6="0" m7="0" m8="0" m9="0" m10="1" m11="0" m12="0" m13="0" m14="0" m15="1" />
                <BoneConnect bone_id="-1" num_connections="0" m0="1" m1="0" m2="0" m3="0" m4="0" m5="1" m6="0" m7="0" m8="0" m9="0" m10="1" m11="0" m12="0" m13="0" m14="0" m15="1" />
                <BoneConnect bone_id="-1" num_connections="0" m0="1" m1="0" m2="0" m3="0" m4="0" m5="1" m6="0" m7="0" m8="0" m9="0" m10="1" m11="0" m12="0" m13="0" m14="0" m15="1" />
            </EnvObjectAttachment>
            <EnvObjectAttachment>
                <BoneConnect bone_id="1" num_connections="1" m0="-0.670976" m1="0.0102042" m2="0.741409" m3="0" m4="7.74767e-005" m5="0.999906" m6="-0.0136919" m7="0" m8="-0.741479" m9="-0.00912947" m10="-0.670914" m11="0" m12="-0.162038" m13="0.142544" m14="-0.00859118" m15="1" />
                <BoneConnect bone_id="-1" num_connections="0" m0="1" m1="0" m2="0" m3="0" m4="0" m5="1" m6="0" m7="0" m8="0" m9="0" m10="1" m11="0" m12="0" m13="0" m14="0" m15="1" />
                <BoneConnect bone_id="-1" num_connections="0" m0="1" m1="0" m2="0" m3="0" m4="0" m5="1" m6="0" m7="0" m8="0" m9="0" m10="1" m11="0" m12="0" m13="0" m14="0" m15="1" />
                <BoneConnect bone_id="-1" num_connections="0" m0="1" m1="0" m2="0" m3="0" m4="0" m5="1" m6="0" m7="0" m8="0" m9="0" m10="1" m11="0" m12="0" m13="0" m14="0" m15="1" />
            </EnvObjectAttachment>
            <EnvObjectAttachment>
                <BoneConnect bone_id="1" num_connections="1" m0="-0.670976" m1="0.0102042" m2="0.741409" m3="0" m4="7.74767e-005" m5="0.999906" m6="-0.0136919" m7="0" m8="-0.741479" m9="-0.00912947" m10="-0.670914" m11="0" m12="-0.162127" m13="0.111024" m14="-0.00536466" m15="1" />
                <BoneConnect bone_id="-1" num_connections="0" m0="1" m1="0" m2="0" m3="0" m4="0" m5="1" m6="0" m7="0" m8="0" m9="0" m10="1" m11="0" m12="0" m13="0" m14="0" m15="1" />
                <BoneConnect bone_id="-1" num_connections="0" m0="1" m1="0" m2="0" m3="0" m4="0" m5="1" m6="0" m7="0" m8="0" m9="0" m10="1" m11="0" m12="0" m13="0" m14="0" m15="1" />
                <BoneConnect bone_id="-1" num_connections="0" m0="1" m1="0" m2="0" m3="0" m4="0" m5="1" m6="0" m7="0" m8="0" m9="0" m10="1" m11="0" m12="0" m13="0" m14="0" m15="1" />
            </EnvObjectAttachment>
            <EnvObjectAttachment>
                <BoneConnect bone_id="1" num_connections="1" m0="-0.711579" m1="0.00967512" m2="0.70254" m3="0" m4="7.74857e-005" m5="0.999906" m6="-0.0136918" m7="0" m8="-0.702607" m9="-0.00968839" m10="-0.711513" m11="0" m12="-0.164756" m13="0.0640993" m14="-0.00385833" m15="1" />
                <BoneConnect bone_id="-1" num_connections="0" m0="1" m1="0" m2="0" m3="0" m4="0" m5="1" m6="0" m7="0" m8="0" m9="0" m10="1" m11="0" m12="0" m13="0" m14="0" m15="1" />
                <BoneConnect bone_id="-1" num_connections="0" m0="1" m1="0" m2="0" m3="0" m4="0" m5="1" m6="0" m7="0" m8="0" m9="0" m10="1" m11="0" m12="0" m13="0" m14="0" m15="1" />
                <BoneConnect bone_id="-1" num_connections="0" m0="1" m1="0" m2="0" m3="0" m4="0" m5="1" m6="0" m7="0" m8="0" m9="0" m10="1" m11="0" m12="0" m13="0" m14="0" m15="1" />
            </EnvObjectAttachment>
            <EnvObjectAttachment>
                <BoneConnect bone_id="1" num_connections="1" m0="-0.711579" m1="0.00967512" m2="0.70254" m3="0" m4="7.74857e-005" m5="0.999906" m6="-0.0136918" m7="0" m8="-0.702607" m9="-0.00968839" m10="-0.711513" m11="0" m12="-0.164443" m13="0.0213604" m14="-0.0029521" m15="1" />
                <BoneConnect bone_id="-1" num_connections="0" m0="1" m1="0" m2="0" m3="0" m4="0" m5="1" m6="0" m7="0" m8="0" m9="0" m10="1" m11="0" m12="0" m13="0" m14="0" m15="1" />
                <BoneConnect bone_id="-1" num_connections="0" m0="1" m1="0" m2="0" m3="0" m4="0" m5="1" m6="0" m7="0" m8="0" m9="0" m10="1" m11="0" m12="0" m13="0" m14="0" m15="1" />
                <BoneConnect bone_id="-1" num_connections="0" m0="1" m1="0" m2="0" m3="0" m4="0" m5="1" m6="0" m7="0" m8="0" m9="0" m10="1" m11="0" m12="0" m13="0" m14="0" m15="1" />
            </EnvObjectAttachment>
            <EnvObjectAttachment>
                <BoneConnect bone_id="2" num_connections="1" m0="-0.999993" m1="-0.0001515" m2="-0.00374827" m3="0" m4="0.000184499" m5="0.995989" m6="-0.0894787" m7="0" m8="0.00374679" m9="-0.0894788" m10="-0.995982" m11="0" m12="0.00128388" m13="0.213589" m14="-0.0734737" m15="1" />
                <BoneConnect bone_id="-1" num_connections="0" m0="1" m1="0" m2="0" m3="0" m4="0" m5="1" m6="0" m7="0" m8="0" m9="0" m10="1" m11="0" m12="0" m13="0" m14="0" m15="1" />
                <BoneConnect bone_id="-1" num_connections="0" m0="1" m1="0" m2="0" m3="0" m4="0" m5="1" m6="0" m7="0" m8="0" m9="0" m10="1" m11="0" m12="0" m13="0" m14="0" m15="1" />
                <BoneConnect bone_id="-1" num_connections="0" m0="1" m1="0" m2="0" m3="0" m4="0" m5="1" m6="0" m7="0" m8="0" m9="0" m10="1" m11="0" m12="0" m13="0" m14="0" m15="1" />
            </EnvObjectAttachment>
            <EnvObjectAttachment>
                <BoneConnect bone_id="1" num_connections="1" m0="0.000139613" m1="0.999889" m2="-0.0149103" m3="0" m4="0.608027" m5="0.0117527" m6="0.793829" m7="0" m8="0.793916" m9="-0.00917664" m10="-0.607958" m11="0" m12="-0.0462666" m13="0.172354" m14="-0.0497527" m15="1" />
                <BoneConnect bone_id="2" num_connections="1" m0="-0.000157687" m1="0.999916" m2="0.0129636" m3="0" m4="0.607474" m5="-0.0102017" m6="0.794274" m7="0" m8="0.794339" m9="0.00800033" m10="-0.607422" m11="0" m12="-0.0462422" m13="0.171984" m14="-0.0539873" m15="1" />
                <BoneConnect bone_id="-1" num_connections="0" m0="1" m1="0" m2="0" m3="0" m4="0" m5="1" m6="0" m7="0" m8="0" m9="0" m10="1" m11="0" m12="0" m13="0" m14="0" m15="1" />
                <BoneConnect bone_id="-1" num_connections="0" m0="1" m1="0" m2="0" m3="0" m4="0" m5="1" m6="0" m7="0" m8="0" m9="0" m10="1" m11="0" m12="0" m13="0" m14="0" m15="1" />
            </EnvObjectAttachment>
            <EnvObjectAttachment>
                <BoneConnect bone_id="2" num_connections="1" m0="-0.000195959" m1="0.99993" m2="0.0118307" m3="0" m4="0.97514" m5="0.00281238" m6="-0.221573" m7="0" m8="-0.221591" m9="0.0114932" m10="-0.975072" m11="0" m12="-0.0768285" m13="0.166577" m14="-0.0205069" m15="1" />
                <BoneConnect bone_id="1" num_connections="1" m0="7.73424e-005" m1="0.999906" m2="-0.0136919" m3="0" m4="0.974642" m5="-0.00313948" m6="-0.223748" m7="0" m8="-0.22377" m9="-0.0133273" m10="-0.974551" m11="0" m12="-0.0768464" m13="0.16768" m14="-0.0166125" m15="1" />
                <BoneConnect bone_id="-1" num_connections="0" m0="1" m1="0" m2="0" m3="0" m4="0" m5="1" m6="0" m7="0" m8="0" m9="0" m10="1" m11="0" m12="0" m13="0" m14="0" m15="1" />
                <BoneConnect bone_id="-1" num_connections="0" m0="1" m1="0" m2="0" m3="0" m4="0" m5="1" m6="0" m7="0" m8="0" m9="0" m10="1" m11="0" m12="0" m13="0" m14="0" m15="1" />
            </EnvObjectAttachment>
            <EnvObjectAttachment>
                <BoneConnect bone_id="1" num_connections="1" m0="7.73665e-005" m1="0.999906" m2="-0.0136919" m3="0" m4="-0.0486326" m5="0.0136793" m6="0.998723" m7="0" m8="0.998817" m9="0.000588481" m10="0.048629" m11="0" m12="0.0310769" m13="0.168673" m14="-0.0598834" m15="1" />
                <BoneConnect bone_id="2" num_connections="1" m0="-0.000195935" m1="0.99993" m2="0.0118308" m3="0" m4="-0.0508646" m5="-0.0118255" m6="0.998636" m7="0" m8="0.998706" m9="-0.000406218" m10="0.0508633" m11="0" m12="0.0311906" m13="0.1687" m14="-0.0634966" m15="1" />
                <BoneConnect bone_id="-1" num_connections="0" m0="1" m1="0" m2="0" m3="0" m4="0" m5="1" m6="0" m7="0" m8="0" m9="0" m10="1" m11="0" m12="0" m13="0" m14="0" m15="1" />
                <BoneConnect bone_id="-1" num_connections="0" m0="1" m1="0" m2="0" m3="0" m4="0" m5="1" m6="0" m7="0" m8="0" m9="0" m10="1" m11="0" m12="0" m13="0" m14="0" m15="1" />
            </EnvObjectAttachment>
            <EnvObjectAttachment>
                <BoneConnect bone_id="1" num_connections="1" m0="7.75453e-005" m1="0.999906" m2="-0.0136918" m3="0" m4="-0.999999" m5="5.68432e-005" m6="-0.00151239" m7="0" m8="-0.00151147" m9="0.013692" m10="0.999905" m11="0" m12="0.0763814" m13="0.171267" m14="-0.0128834" m15="1" />
                <BoneConnect bone_id="2" num_connections="1" m0="-0.000195756" m1="0.99993" m2="0.0118308" m3="0" m4="-0.999993" m5="-0.000151419" m6="-0.00374833" m7="0" m8="-0.00374628" m9="-0.0118314" m10="0.999923" m11="0" m12="0.0763896" m13="0.170106" m14="-0.0163443" m15="1" />
                <BoneConnect bone_id="-1" num_connections="0" m0="1" m1="0" m2="0" m3="0" m4="0" m5="1" m6="0" m7="0" m8="0" m9="0" m10="1" m11="0" m12="0" m13="0" m14="0" m15="1" />
                <BoneConnect bone_id="-1" num_connections="0" m0="1" m1="0" m2="0" m3="0" m4="0" m5="1" m6="0" m7="0" m8="0" m9="0" m10="1" m11="0" m12="0" m13="0" m14="0" m15="1" />
            </EnvObjectAttachment>
            <EnvObjectAttachment>
                <BoneConnect bone_id="2" num_connections="1" m0="0.0563575" m1="0.997094" m2="-0.0512534" m3="0" m4="-0.152721" m5="-0.0421213" m6="-0.987371" m7="0" m8="-0.986661" m9="0.063473" m10="0.149904" m11="0" m12="0.13291" m13="0.245732" m14="-0.0245786" m15="1" />
                <BoneConnect bone_id="-1" num_connections="0" m0="1" m1="0" m2="0" m3="0" m4="0" m5="1" m6="0" m7="0" m8="0" m9="0" m10="1" m11="0" m12="0" m13="0" m14="0" m15="1" />
                <BoneConnect bone_id="-1" num_connections="0" m0="1" m1="0" m2="0" m3="0" m4="0" m5="1" m6="0" m7="0" m8="0" m9="0" m10="1" m11="0" m12="0" m13="0" m14="0" m15="1" />
                <BoneConnect bone_id="-1" num_connections="0" m0="1" m1="0" m2="0" m3="0" m4="0" m5="1" m6="0" m7="0" m8="0" m9="0" m10="1" m11="0" m12="0" m13="0" m14="0" m15="1" />
            </EnvObjectAttachment>
            <EnvObjectAttachment>
                <BoneConnect bone_id="2" num_connections="1" m0="0.055209" m1="0.988574" m2="-0.140264" m3="0" m4="-0.864007" m5="-0.0231085" m6="-0.502949" m7="0" m8="-0.500443" m9="0.148956" m10="0.852859" m11="0" m12="0.0849664" m13="0.239249" m14="-0.100746" m15="1" />
                <BoneConnect bone_id="-1" num_connections="0" m0="1" m1="0" m2="0" m3="0" m4="0" m5="1" m6="0" m7="0" m8="0" m9="0" m10="1" m11="0" m12="0" m13="0" m14="0" m15="1" />
                <BoneConnect bone_id="-1" num_connections="0" m0="1" m1="0" m2="0" m3="0" m4="0" m5="1" m6="0" m7="0" m8="0" m9="0" m10="1" m11="0" m12="0" m13="0" m14="0" m15="1" />
                <BoneConnect bone_id="-1" num_connections="0" m0="1" m1="0" m2="0" m3="0" m4="0" m5="1" m6="0" m7="0" m8="0" m9="0" m10="1" m11="0" m12="0" m13="0" m14="0" m15="1" />
            </EnvObjectAttachment>
            <EnvObjectAttachment>
                <BoneConnect bone_id="2" num_connections="1" m0="0.000371743" m1="0.998917" m2="-0.0465347" m3="0" m4="-0.999927" m5="0.000931908" m6="0.0120172" m7="0" m8="0.0120476" m9="0.0465268" m10="0.998844" m11="0" m12="0.0297515" m13="0.234833" m14="-0.120035" m15="1" />
                <BoneConnect bone_id="-1" num_connections="0" m0="1" m1="0" m2="0" m3="0" m4="0" m5="1" m6="0" m7="0" m8="0" m9="0" m10="1" m11="0" m12="0" m13="0" m14="0" m15="1" />
                <BoneConnect bone_id="-1" num_connections="0" m0="1" m1="0" m2="0" m3="0" m4="0" m5="1" m6="0" m7="0" m8="0" m9="0" m10="1" m11="0" m12="0" m13="0" m14="0" m15="1" />
                <BoneConnect bone_id="-1" num_connections="0" m0="1" m1="0" m2="0" m3="0" m4="0" m5="1" m6="0" m7="0" m8="0" m9="0" m10="1" m11="0" m12="0" m13="0" m14="0" m15="1" />
            </EnvObjectAttachment>
            <EnvObjectAttachment>
                <BoneConnect bone_id="2" num_connections="1" m0="0.000369549" m1="0.998917" m2="-0.0465254" m3="0" m4="-0.998355" m5="0.00303581" m6="0.0572502" m7="0" m8="0.0573294" m9="0.0464277" m10="0.997275" m11="0" m12="-0.0223882" m13="0.237941" m14="-0.121283" m15="1" />
                <BoneConnect bone_id="-1" num_connections="0" m0="1" m1="0" m2="0" m3="0" m4="0" m5="1" m6="0" m7="0" m8="0" m9="0" m10="1" m11="0" m12="0" m13="0" m14="0" m15="1" />
                <BoneConnect bone_id="-1" num_connections="0" m0="1" m1="0" m2="0" m3="0" m4="0" m5="1" m6="0" m7="0" m8="0" m9="0" m10="1" m11="0" m12="0" m13="0" m14="0" m15="1" />
                <BoneConnect bone_id="-1" num_connections="0" m0="1" m1="0" m2="0" m3="0" m4="0" m5="1" m6="0" m7="0" m8="0" m9="0" m10="1" m11="0" m12="0" m13="0" m14="0" m15="1" />
            </EnvObjectAttachment>
            <EnvObjectAttachment>
                <BoneConnect bone_id="2" num_connections="1" m0="-0.0905428" m1="0.990646" m2="-0.102093" m3="0" m4="-0.819021" m5="-0.0157487" m6="0.573547" m7="0" m8="0.566574" m9="0.135547" m10="0.812786" m11="0" m12="-0.0913026" m13="0.238283" m14="-0.102765" m15="1" />
                <BoneConnect bone_id="-1" num_connections="0" m0="1" m1="0" m2="0" m3="0" m4="0" m5="1" m6="0" m7="0" m8="0" m9="0" m10="1" m11="0" m12="0" m13="0" m14="0" m15="1" />
                <BoneConnect bone_id="-1" num_connections="0" m0="1" m1="0" m2="0" m3="0" m4="0" m5="1" m6="0" m7="0" m8="0" m9="0" m10="1" m11="0" m12="0" m13="0" m14="0" m15="1" />
                <BoneConnect bone_id="-1" num_connections="0" m0="1" m1="0" m2="0" m3="0" m4="0" m5="1" m6="0" m7="0" m8="0" m9="0" m10="1" m11="0" m12="0" m13="0" m14="0" m15="1" />
            </EnvObjectAttachment>
            <EnvObjectAttachment>
                <BoneConnect bone_id="2" num_connections="1" m0="-0.242299" m1="0.958951" m2="-0.14732" m3="0" m4="-0.476395" m5="0.0146828" m6="0.879109" m7="0" m8="0.845185" m9="0.28319" m10="0.453282" m11="0" m12="-0.128788" m13="0.249236" m14="-0.0679426" m15="1" />
                <BoneConnect bone_id="-1" num_connections="0" m0="1" m1="0" m2="0" m3="0" m4="0" m5="1" m6="0" m7="0" m8="0" m9="0" m10="1" m11="0" m12="0" m13="0" m14="0" m15="1" />
                <BoneConnect bone_id="-1" num_connections="0" m0="1" m1="0" m2="0" m3="0" m4="0" m5="1" m6="0" m7="0" m8="0" m9="0" m10="1" m11="0" m12="0" m13="0" m14="0" m15="1" />
                <BoneConnect bone_id="-1" num_connections="0" m0="1" m1="0" m2="0" m3="0" m4="0" m5="1" m6="0" m7="0" m8="0" m9="0" m10="1" m11="0" m12="0" m13="0" m14="0" m15="1" />
            </EnvObjectAttachment>
            <EnvObjectAttachment>
                <BoneConnect bone_id="2" num_connections="1" m0="-0.996273" m1="0.0862185" m2="-0.00271238" m3="0" m4="0.0861797" m5="0.996206" m6="0.0121103" m7="0" m8="0.00374622" m9="0.0118314" m10="-0.999923" m11="0" m12="-0.0028801" m13="0.277074" m14="-0.147215" m15="1" />
                <BoneConnect bone_id="-1" num_connections="0" m0="1" m1="0" m2="0" m3="0" m4="0" m5="1" m6="0" m7="0" m8="0" m9="0" m10="1" m11="0" m12="0" m13="0" m14="0" m15="1" />
                <BoneConnect bone_id="-1" num_connections="0" m0="1" m1="0" m2="0" m3="0" m4="0" m5="1" m6="0" m7="0" m8="0" m9="0" m10="1" m11="0" m12="0" m13="0" m14="0" m15="1" />
                <BoneConnect bone_id="-1" num_connections="0" m0="1" m1="0" m2="0" m3="0" m4="0" m5="1" m6="0" m7="0" m8="0" m9="0" m10="1" m11="0" m12="0" m13="0" m14="0" m15="1" />
            </EnvObjectAttachment>
            <EnvObjectAttachment>
                <BoneConnect bone_id="2" num_connections="1" m0="0.0095426" m1="0.993462" m2="0.113761" m3="0" m4="-0.998357" m5="0.00303735" m6="0.0572203" m7="0" m8="0.0565007" m9="-0.11412" m10="0.991859" m11="0" m12="-0.0135376" m13="0.318972" m14="-0.118389" m15="1" />
                <BoneConnect bone_id="-1" num_connections="0" m0="1" m1="0" m2="0" m3="0" m4="0" m5="1" m6="0" m7="0" m8="0" m9="0" m10="1" m11="0" m12="0" m13="0" m14="0" m15="1" />
                <BoneConnect bone_id="-1" num_connections="0" m0="1" m1="0" m2="0" m3="0" m4="0" m5="1" m6="0" m7="0" m8="0" m9="0" m10="1" m11="0" m12="0" m13="0" m14="0" m15="1" />
                <BoneConnect bone_id="-1" num_connections="0" m0="1" m1="0" m2="0" m3="0" m4="0" m5="1" m6="0" m7="0" m8="0" m9="0" m10="1" m11="0" m12="0" m13="0" m14="0" m15="1" />
            </EnvObjectAttachment>
            <EnvObjectAttachment>
                <BoneConnect bone_id="2" num_connections="1" m0="0.0286026" m1="0.891705" m2="0.451711" m3="0" m4="-0.998357" m5="0.00303746" m6="0.0572204" m7="0" m8="0.0496517" m9="-0.452606" m10="0.890327" m11="0" m12="-0.000860929" m13="0.374583" m14="-0.10129" m15="1" />
                <BoneConnect bone_id="-1" num_connections="0" m0="1" m1="0" m2="0" m3="0" m4="0" m5="1" m6="0" m7="0" m8="0" m9="0" m10="1" m11="0" m12="0" m13="0" m14="0" m15="1" />
                <BoneConnect bone_id="-1" num_connections="0" m0="1" m1="0" m2="0" m3="0" m4="0" m5="1" m6="0" m7="0" m8="0" m9="0" m10="1" m11="0" m12="0" m13="0" m14="0" m15="1" />
                <BoneConnect bone_id="-1" num_connections="0" m0="1" m1="0" m2="0" m3="0" m4="0" m5="1" m6="0" m7="0" m8="0" m9="0" m10="1" m11="0" m12="0" m13="0" m14="0" m15="1" />
            </EnvObjectAttachment>
            <EnvObjectAttachment>
                <BoneConnect bone_id="2" num_connections="1" m0="0.143911" m1="0.958561" m2="-0.245865" m3="0" m4="-0.771403" m5="-0.0469611" m6="-0.634612" m7="0" m8="-0.619861" m9="0.280989" m10="0.732679" m11="0" m12="0.109676" m13="0.239969" m14="-0.0804198" m15="1" />
                <BoneConnect bone_id="-1" num_connections="0" m0="1" m1="0" m2="0" m3="0" m4="0" m5="1" m6="0" m7="0" m8="0" m9="0" m10="1" m11="0" m12="0" m13="0" m14="0" m15="1" />
                <BoneConnect bone_id="-1" num_connections="0" m0="1" m1="0" m2="0" m3="0" m4="0" m5="1" m6="0" m7="0" m8="0" m9="0" m10="1" m11="0" m12="0" m13="0" m14="0" m15="1" />
                <BoneConnect bone_id="-1" num_connections="0" m0="1" m1="0" m2="0" m3="0" m4="0" m5="1" m6="0" m7="0" m8="0" m9="0" m10="1" m11="0" m12="0" m13="0" m14="0" m15="1" />
            </EnvObjectAttachment>
            <EnvObjectAttachment>
                <BoneConnect bone_id="2" num_connections="1" m0="-0.200278" m1="0.968883" m2="-0.145446" m3="0" m4="-0.0754503" m5="0.13276" m6="0.988272" m7="0" m8="0.97683" m9="0.208903" m10="0.0465132" m11="0" m12="-0.138582" m13="0.253912" m14="-0.024693" m15="1" />
                <BoneConnect bone_id="-1" num_connections="0" m0="1" m1="0" m2="0" m3="0" m4="0" m5="1" m6="0" m7="0" m8="0" m9="0" m10="1" m11="0" m12="0" m13="0" m14="0" m15="1" />
                <BoneConnect bone_id="-1" num_connections="0" m0="1" m1="0" m2="0" m3="0" m4="0" m5="1" m6="0" m7="0" m8="0" m9="0" m10="1" m11="0" m12="0" m13="0" m14="0" m15="1" />
                <BoneConnect bone_id="-1" num_connections="0" m0="1" m1="0" m2="0" m3="0" m4="0" m5="1" m6="0" m7="0" m8="0" m9="0" m10="1" m11="0" m12="0" m13="0" m14="0" m15="1" />
            </EnvObjectAttachment>
            <EnvObjectAttachment>
                <BoneConnect bone_id="2" num_connections="1" m0="0.343793" m1="0.598566" m2="0.723552" m3="0" m4="0.645724" m5="-0.710128" m6="0.280646" m7="0" m8="0.681798" m9="0.37073" m10="-0.630646" m11="0" m12="-0.13677" m13="0.306294" m14="0.0140378" m15="1" />
                <BoneConnect bone_id="-1" num_connections="0" m0="1" m1="0" m2="0" m3="0" m4="0" m5="1" m6="0" m7="0" m8="0" m9="0" m10="1" m11="0" m12="0" m13="0" m14="0" m15="1" />
