<?xml version="2.0" ?>
<Type>saved</Type>
<ActorObjects>
    <ActorObject t0="1.61031" t1="2" t2="-2.37742" s0="0.92855" s1="0.92855" s2="0.92855" q0="0" q1="0" q2="0" q3="1" euler_x="0" euler_y="0" euler_z="0" id="2" type_file="Data/Objects/IGF_Characters/base_guard_actor.xml" is_player="0">
        <parameters>
            <parameter name="Aggression" type="float" val="0.5" />
            <parameter name="Attack Damage" type="float" val="1" />
            <parameter name="Attack Knockback" type="float" val="1" />
            <parameter name="Attack Speed" type="float" val="1" />
            <parameter name="Block Follow-up" type="float" val="0.5" />
            <parameter name="Block Skill" type="float" val="0.5" />
            <parameter name="Cannot Be Disarmed" type="int" val="0" />
            <parameter name="Character Scale" type="float" val="1" />
            <parameter name="Damage Resistance" type="float" val="1" />
            <parameter name="Ear Size" type="float" val="1" />
            <parameter name="Fall Damage Multiplier" type="float" val="1" />
            <parameter name="Fat" type="float" val="0.5" />
            <parameter name="Fear - Afraid At Health Level" type="float" val="0" />
            <parameter name="Fear - Always Afraid On Sight" type="int" val="0" />
            <parameter name="Fear - Causes Fear On Sight" type="int" val="0" />
            <parameter name="Fear - Never Afraid On Sight" type="int" val="0" />
            <parameter name="Focus FOV distance" type="float" val="100" />
            <parameter name="Focus FOV horizontal" type="float" val="0.62834" />
            <parameter name="Focus FOV vertical" type="float" val="0.62834" />
            <parameter name="Ground Aggression" type="float" val="0.5" />
            <parameter name="Knockout Shield" type="int" val="0" />
            <parameter name="Left handed" type="int" val="0" />
            <parameter name="Movement Speed" type="float" val="1" />
            <parameter name="Muscle" type="float" val="0.5" />
            <parameter name="No Look Around" type="int" val="0" />
            <parameter name="Peripheral FOV distance" type="float" val="4" />
            <parameter name="Peripheral FOV horizontal" type="float" val="1.41376" />
            <parameter name="Peripheral FOV vertical" type="float" val="1.41376" />
            <parameter name="Species" type="string" val="rabbit" />
            <parameter name="Static" type="int" val="0" />
            <parameter name="Stick To Nav Mesh" type="int" val="0" />
            <parameter name="Teams" type="string" val="cat" />
            <parameter name="Throw Counter Probability" type="float" val="0.4" />
            <parameter name="Throw Trainer" type="int" val="0" />
            <parameter name="Weapon Catch Skill" type="float" val="1" />
            <parameter name="Wearing Metal Armor" type="int" val="1" />
        </parameters>
        <Connections>
            <Connection id="2" />
        </Connections>
        <ItemConnections />
        <Palette>
            <Color label="Clothes" channel="0" red="0.286274" green="0.0707266" blue="0.0707266" />
            <Color label="Fur" channel="1" red="0.670588" green="0.495446" blue="0.378685" />
            <Color label="Leather" channel="2" red="0.717647" green="0.637124" blue="0.357416" />
            <Color label="Armor" channel="3" red="0.0721569" green="0.0760738" blue="0.0901961" />
        </Palette>
        <EnvObjectAttachments>
            <EnvObjectAttachment>
                <BoneConnect bone_id="4" num_connections="1" m0="0.215042" m1="0.0154377" m2="0.976483" m3="0" m4="-0.961072" m5="-0.174274" m6="0.214404" m7="0" m8="0.173485" m9="-0.984576" m10="-0.0226395" m11="0" m12="0.149217" m13="0.383474" m14="-0.0319717" m15="1" />
                <BoneConnect bone_id="6" num_connections="0" m0="0.200656" m1="0.111938" m2="0.973246" m3="0" m4="-0.734467" m5="-0.640238" m6="0.225064" m7="0" m8="0.648302" m9="-0.759977" m10="-0.0462528" m11="0" m12="0.126029" m13="0.371632" m14="-0.0291907" m15="1" />
                <BoneConnect bone_id="-1" num_connections="0" m0="1" m1="0" m2="0" m3="0" m4="0" m5="1" m6="0" m7="0" m8="0" m9="0" m10="1" m11="0" m12="0" m13="0" m14="0" m15="1" />
                <BoneConnect bone_id="-1" num_connections="0" m0="1" m1="0" m2="0" m3="0" m4="0" m5="1" m6="0" m7="0" m8="0" m9="0" m10="1" m11="0" m12="0" m13="0" m14="0" m15="1" />
            </EnvObjectAttachment>
            <EnvObjectAttachment>
                <BoneConnect bone_id="17" num_connections="1" m0="-0.077086" m1="-0.0301824" m2="0.996568" m3="0" m4="-0.25165" m5="-0.96659" m6="-0.0487401" m7="0" m8="0.964743" m9="-0.254544" m10="0.066915" m11="0" m12="-0.152447" m13="0.38169" m14="-0.03028" m15="1" />
                <BoneConnect bone_id="-1" num_connections="0" m0="1" m1="0" m2="0" m3="0" m4="0" m5="1" m6="0" m7="0" m8="0" m9="0" m10="1" m11="0" m12="0" m13="0" m14="0" m15="1" />
                <BoneConnect bone_id="-1" num_connections="0" m0="1" m1="0" m2="0" m3="0" m4="0" m5="1" m6="0" m7="0" m8="0" m9="0" m10="1" m11="0" m12="0" m13="0" m14="0" m15="1" />
                <BoneConnect bone_id="-1" num_connections="0" m0="1" m1="0" m2="0" m3="0" m4="0" m5="1" m6="0" m7="0" m8="0" m9="0" m10="1" m11="0" m12="0" m13="0" m14="0" m15="1" />
            </EnvObjectAttachment>
            <EnvObjectAttachment>
                <BoneConnect bone_id="2" num_connections="1" m0="0.998062" m1="0.0347423" m2="0.0516208" m3="0" m4="-0.00145112" m5="0.842377" m6="-0.538887" m7="0" m8="-0.0622063" m9="0.537768" m10="0.840795" m11="0" m12="-0.00624394" m13="0.357832" m14="0.0488529" m15="1" />
                <BoneConnect bone_id="-1" num_connections="0" m0="1" m1="0" m2="0" m3="0" m4="0" m5="1" m6="0" m7="0" m8="0" m9="0" m10="1" m11="0" m12="0" m13="0" m14="0" m15="1" />
                <BoneConnect bone_id="-1" num_connections="0" m0="1" m1="0" m2="0" m3="0" m4="0" m5="1" m6="0" m7="0" m8="0" m9="0" m10="1" m11="0" m12="0" m13="0" m14="0" m15="1" />
                <BoneConnect bone_id="-1" num_connections="0" m0="1" m1="0" m2="0" m3="0" m4="0" m5="1" m6="0" m7="0" m8="0" m9="0" m10="1" m11="0" m12="0" m13="0" m14="0" m15="1" />
            </EnvObjectAttachment>
            <EnvObjectAttachment>
                <BoneConnect bone_id="7" num_connections="1" m0="0.476816" m1="0.853246" m2="0.211229" m3="0" m4="-0.878073" m5="0.473404" m6="0.069824" m7="0" m8="-0.0404197" m9="-0.218768" m10="0.97494" m11="0" m12="0.267193" m13="0.265202" m14="-0.0341301" m15="1" />
                <BoneConnect bone_id="-1" num_connections="0" m0="1" m1="0" m2="0" m3="0" m4="0" m5="1" m6="0" m7="0" m8="0" m9="0" m10="1" m11="0" m12="0" m13="0" m14="0" m15="1" />
                <BoneConnect bone_id="-1" num_connections="0" m0="1" m1="0" m2="0" m3="0" m4="0" m5="1" m6="0" m7="0" m8="0" m9="0" m10="1" m11="0" m12="0" m13="0" m14="0" m15="1" />
                <BoneConnect bone_id="-1" num_connections="0" m0="1" m1="0" m2="0" m3="0" m4="0" m5="1" m6="0" m7="0" m8="0" m9="0" m10="1" m11="0" m12="0" m13="0" m14="0" m15="1" />
            </EnvObjectAttachment>
            <EnvObjectAttachment>
                <BoneConnect bone_id="7" num_connections="1" m0="0.486372" m1="0.801201" m2="0.348597" m3="0" m4="-0.850548" m5="0.525477" m6="-0.0210261" m7="0" m8="-0.200026" m9="-0.286272" m10="0.937037" m11="0" m12="0.335262" m13="0.228063" m14="-0.0361462" m15="1" />
                <BoneConnect bone_id="-1" num_connections="0" m0="1" m1="0" m2="0" m3="0" m4="0" m5="1" m6="0" m7="0" m8="0" m9="0" m10="1" m11="0" m12="0" m13="0" m14="0" m15="1" />
                <BoneConnect bone_id="-1" num_connections="0" m0="1" m1="0" m2="0" m3="0" m4="0" m5="1" m6="0" m7="0" m8="0" m9="0" m10="1" m11="0" m12="0" m13="0" m14="0" m15="1" />
                <BoneConnect bone_id="-1" num_connections="0" m0="1" m1="0" m2="0" m3="0" m4="0" m5="1" m6="0" m7="0" m8="0" m9="0" m10="1" m11="0" m12="0" m13="0" m14="0" m15="1" />
            </EnvObjectAttachment>
            <EnvObjectAttachment>
                <BoneConnect bone_id="8" num_connections="1" m0="0.541166" m1="0.826007" m2="0.157648" m3="0" m4="-0.839473" m5="0.541636" m6="0.043765" m7="0" m8="-0.0492373" m9="-0.156025" m10="0.986525" m11="0" m12="0.388471" m13="0.196368" m14="-0.0245247" m15="1" />
                <BoneConnect bone_id="-1" num_connections="0" m0="1" m1="0" m2="0" m3="0" m4="0" m5="1" m6="0" m7="0" m8="0" m9="0" m10="1" m11="0" m12="0" m13="0" m14="0" m15="1" />
                <BoneConnect bone_id="-1" num_connections="0" m0="1" m1="0" m2="0" m3="0" m4="0" m5="1" m6="0" m7="0" m8="0" m9="0" m10="1" m11="0" m12="0" m13="0" m14="0" m15="1" />
                <BoneConnect bone_id="-1" num_connections="0" m0="1" m1="0" m2="0" m3="0" m4="0" m5="1" m6="0" m7="0" m8="0" m9="0" m10="1" m11="0" m12="0" m13="0" m14="0" m15="1" />
            </EnvObjectAttachment>
            <EnvObjectAttachment>
                <BoneConnect bone_id="8" num_connections="1" m0="0.520941" m1="0.831723" m2="0.191984" m3="0" m4="-0.845839" m5="0.472735" m6="0.24714" m7="0" m8="0.114794" m9="-0.291133" m10="0.949771" m11="0" m12="0.398179" m13="0.202375" m14="-0.0814266" m15="1" />
                <BoneConnect bone_id="-1" num_connections="0" m0="1" m1="0" m2="0" m3="0" m4="0" m5="1" m6="0" m7="0" m8="0" m9="0" m10="1" m11="0" m12="0" m13="0" m14="0" m15="1" />
                <BoneConnect bone_id="-1" num_connections="0" m0="1" m1="0" m2="0" m3="0" m4="0" m5="1" m6="0" m7="0" m8="0" m9="0" m10="1" m11="0" m12="0" m13="0" m14="0" m15="1" />
                <BoneConnect bone_id="-1" num_connections="0" m0="1" m1="0" m2="0" m3="0" m4="0" m5="1" m6="0" m7="0" m8="0" m9="0" m10="1" m11="0" m12="0" m13="0" m14="0" m15="1" />
            </EnvObjectAttachment>
            <EnvObjectAttachment>
                <BoneConnect bone_id="9" num_connections="1" m0="0.493187" m1="0.82114" m2="0.287221" m3="0" m4="-0.843524" m5="0.532124" m6="-0.0728814" m7="0" m8="-0.212683" m9="-0.206334" m10="0.955087" m11="0" m12="0.477807" m13="0.146828" m14="-0.0286765" m15="1" />
                <BoneConnect bone_id="-1" num_connections="0" m0="1" m1="0" m2="0" m3="0" m4="0" m5="1" m6="0" m7="0" m8="0" m9="0" m10="1" m11="0" m12="0" m13="0" m14="0" m15="1" />
                <BoneConnect bone_id="-1" num_connections="0" m0="1" m1="0" m2="0" m3="0" m4="0" m5="1" m6="0" m7="0" m8="0" m9="0" m10="1" m11="0" m12="0" m13="0" m14="0" m15="1" />
                <BoneConnect bone_id="-1" num_connections="0" m0="1" m1="0" m2="0" m3="0" m4="0" m5="1" m6="0" m7="0" m8="0" m9="0" m10="1" m11="0" m12="0" m13="0" m14="0" m15="1" />
            </EnvObjectAttachment>
            <EnvObjectAttachment>
                <BoneConnect bone_id="1" num_connections="1" m0="-0.0417795" m1="0.095424" m2="0.99456" m3="0" m4="0.00830803" m5="0.995428" m6="-0.0951583" m7="0" m8="-0.999092" m9="0.00428716" m10="-0.0423812" m11="0" m12="-0.00490367" m13="0.121282" m14="0.0603113" m15="1" />
                <BoneConnect bone_id="-1" num_connections="0" m0="1" m1="0" m2="0" m3="0" m4="0" m5="1" m6="0" m7="0" m8="0" m9="0" m10="1" m11="0" m12="0" m13="0" m14="0" m15="1" />
                <BoneConnect bone_id="-1" num_connections="0" m0="1" m1="0" m2="0" m3="0" m4="0" m5="1" m6="0" m7="0" m8="0" m9="0" m10="1" m11="0" m12="0" m13="0" m14="0" m15="1" />
                <BoneConnect bone_id="-1" num_connections="0" m0="1" m1="0" m2="0" m3="0" m4="0" m5="1" m6="0" m7="0" m8="0" m9="0" m10="1" m11="0" m12="0" m13="0" m14="0" m15="1" />
            </EnvObjectAttachment>
            <EnvObjectAttachment>
                <BoneConnect bone_id="22" num_connections="1" m0="0.500736" m1="-0.768775" m2="0.397804" m3="0" m4="0.845864" m5="0.532162" m6="-0.0363045" m7="0" m8="-0.183786" m9="0.354667" m10="0.916752" m11="0" m12="-0.47227" m13="0.149517" m14="-0.0305226" m15="1" />
                <BoneConnect bone_id="-1" num_connections="0" m0="1" m1="0" m2="0" m3="0" m4="0" m5="1" m6="0" m7="0" m8="0" m9="0" m10="1" m11="0" m12="0" m13="0" m14="0" m15="1" />
                <BoneConnect bone_id="-1" num_connections="0" m0="1" m1="0" m2="0" m3="0" m4="0" m5="1" m6="0" m7="0" m8="0" m9="0" m10="1" m11="0" m12="0" m13="0" m14="0" m15="1" />
                <BoneConnect bone_id="-1" num_connections="0" m0="1" m1="0" m2="0" m3="0" m4="0" m5="1" m6="0" m7="0" m8="0" m9="0" m10="1" m11="0" m12="0" m13="0" m14="0" m15="1" />
            </EnvObjectAttachment>
            <EnvObjectAttachment>
                <BoneConnect bone_id="20" num_connections="1" m0="0.619849" m1="-0.683676" m2="0.385194" m3="0" m4="0.783853" m5="0.562518" m6="-0.262959" m7="0" m8="-0.0369003" m9="0.46493" m10="0.884578" m11="0" m12="-0.362097" m13="0.220044" m14="-0.0281773" m15="1" />
                <BoneConnect bone_id="-1" num_connections="0" m0="1" m1="0" m2="0" m3="0" m4="0" m5="1" m6="0" m7="0" m8="0" m9="0" m10="1" m11="0" m12="0" m13="0" m14="0" m15="1" />
                <BoneConnect bone_id="-1" num_connections="0" m0="1" m1="0" m2="0" m3="0" m4="0" m5="1" m6="0" m7="0" m8="0" m9="0" m10="1" m11="0" m12="0" m13="0" m14="0" m15="1" />
                <BoneConnect bone_id="-1" num_connections="0" m0="1" m1="0" m2="0" m3="0" m4="0" m5="1" m6="0" m7="0" m8="0" m9="0" m10="1" m11="0" m12="0" m13="0" m14="0" m15="1" />
            </EnvObjectAttachment>
            <EnvObjectAttachment>
                <BoneConnect bone_id="20" num_connections="1" m0="0.613124" m1="-0.729744" m2="0.302576" m3="0" m4="0.766014" m5="0.642821" m6="-0.00187167" m7="0" m8="-0.193137" m9="0.232925" m10="0.953123" m11="0" m12="-0.376729" m13="0.192653" m14="-0.0624237" m15="1" />
                <BoneConnect bone_id="-1" num_connections="0" m0="1" m1="0" m2="0" m3="0" m4="0" m5="1" m6="0" m7="0" m8="0" m9="0" m10="1" m11="0" m12="0" m13="0" m14="0" m15="1" />
                <BoneConnect bone_id="-1" num_connections="0" m0="1" m1="0" m2="0" m3="0" m4="0" m5="1" m6="0" m7="0" m8="0" m9="0" m10="1" m11="0" m12="0" m13="0" m14="0" m15="1" />
                <BoneConnect bone_id="-1" num_connections="0" m0="1" m1="0" m2="0" m3="0" m4="0" m5="1" m6="0" m7="0" m8="0" m9="0" m10="1" m11="0" m12="0" m13="0" m14="0" m15="1" />
            </EnvObjectAttachment>
            <EnvObjectAttachment>
                <BoneConnect bone_id="20" num_connections="1" m0="-0.194241" m1="0.386344" m2="0.90167" m3="0" m4="0.850486" m5="0.52436" m6="-0.0414604" m7="0" m8="-0.488818" m9="0.758805" m10="-0.430433" m11="0" m12="-0.266689" m13="0.273103" m14="-0.0377998" m15="1" />
                <BoneConnect bone_id="-1" num_connections="0" m0="1" m1="0" m2="0" m3="0" m4="0" m5="1" m6="0" m7="0" m8="0" m9="0" m10="1" m11="0" m12="0" m13="0" m14="0" m15="1" />
                <BoneConnect bone_id="-1" num_connections="0" m0="1" m1="0" m2="0" m3="0" m4="0" m5="1" m6="0" m7="0" m8="0" m9="0" m10="1" m11="0" m12="0" m13="0" m14="0" m15="1" />
                <BoneConnect bone_id="-1" num_connections="0" m0="1" m1="0" m2="0" m3="0" m4="0" m5="1" m6="0" m7="0" m8="0" m9="0" m10="1" m11="0" m12="0" m13="0" m14="0" m15="1" />
            </EnvObjectAttachment>
            <EnvObjectAttachment>
                <BoneConnect bone_id="20" num_connections="1" m0="0.433103" m1="-0.685818" m2="0.584873" m3="0" m4="0.862827" m5="0.503121" m6="-0.048974" m7="0" m8="-0.260674" m9="0.525855" m10="0.809645" m11="0" m12="-0.314869" m13="0.242134" m14="-0.0369606" m15="1" />
                <BoneConnect bone_id="-1" num_connections="0" m0="1" m1="0" m2="0" m3="0" m4="0" m5="1" m6="0" m7="0" m8="0" m9="0" m10="1" m11="0" m12="0" m13="0" m14="0" m15="1" />
                <BoneConnect bone_id="-1" num_connections="0" m0="1" m1="0" m2="0" m3="0" m4="0" m5="1" m6="0" m7="0" m8="0" m9="0" m10="1" m11="0" m12="0" m13="0" m14="0" m15="1" />
                <BoneConnect bone_id="-1" num_connections="0" m0="1" m1="0" m2="0" m3="0" m4="0" m5="1" m6="0" m7="0" m8="0" m9="0" m10="1" m11="0" m12="0" m13="0" m14="0" m15="1" />
            </EnvObjectAttachment>
            <EnvObjectAttachment>
                <BoneConnect bone_id="2" num_connections="1" m0="0.056103" m1="0.00822204" m2="-0.998391" m3="0" m4="0.0223949" m5="0.999704" m6="0.0094913" m7="0" m8="0.998174" m9="-0.0228914" m10="0.0559022" m11="0" m12="0.0060932" m13="0.273854" m14="-0.108588" m15="1" />
                <BoneConnect bone_id="1" num_connections="0" m0="-0.083717" m1="0.024166" m2="-0.996196" m3="0" m4="0.0263656" m5="0.99941" m6="0.0220283" m7="0" m8="0.996141" m9="-0.0244212" m10="-0.0843047" m11="0" m12="-0.00780976" m13="0.2755" m14="-0.106703" m15="1" />
                <BoneConnect bone_id="-1" num_connections="0" m0="1" m1="0" m2="0" m3="0" m4="0" m5="1" m6="0" m7="0" m8="0" m9="0" m10="1" m11="0" m12="0" m13="0" m14="0" m15="1" />
                <BoneConnect bone_id="-1" num_connections="0" m0="1" m1="0" m2="0" m3="0" m4="0" m5="1" m6="0" m7="0" m8="0" m9="0" m10="1" m11="0" m12="0" m13="0" m14="0" m15="1" />
            </EnvObjectAttachment>
            <EnvObjectAttachment>
                <BoneConnect bone_id="2" num_connections="1" m0="-0.999934" m1="0.00623554" m2="0.00966744" m3="0" m4="0.0101947" m5="0.869673" m6="0.493523" m7="0" m8="-0.00533016" m9="0.493588" m10="-0.869679" m11="0" m12="0.00232649" m13="0.373733" m14="-0.108543" m15="1" />
                <BoneConnect bone_id="-1" num_connections="0" m0="1" m1="0" m2="0" m3="0" m4="0" m5="1" m6="0" m7="0" m8="0" m9="0" m10="1" m11="0" m12="0" m13="0" m14="0" m15="1" />
                <BoneConnect bone_id="-1" num_connections="0" m0="1" m1="0" m2="0" m3="0" m4="0" m5="1" m6="0" m7="0" m8="0" m9="0" m10="1" m11="0" m12="0" m13="0" m14="0" m15="1" />
                <BoneConnect bone_id="-1" num_connections="0" m0="1" m1="0" m2="0" m3="0" m4="0" m5="1" m6="0" m7="0" m8="0" m9="0" m10="1" m11="0" m12="0" m13="0" m14="0" m15="1" />
            </EnvObjectAttachment>
            <EnvObjectAttachment>
                <BoneConnect bone_id="1" num_connections="1" m0="-0.998663" m1="0.0162849" m2="0.049058" m3="0" m4="-0.00360295" m5="-0.968698" m6="0.248217" m7="0" m8="0.0515646" m9="0.247708" m10="0.967462" m11="0" m12="-0.00850487" m13="0.157487" m14="-0.112257" m15="1" />
                <BoneConnect bone_id="-1" num_connections="0" m0="1" m1="0" m2="0" m3="0" m4="0" m5="1" m6="0" m7="0" m8="0" m9="0" m10="1" m11="0" m12="0" m13="0" m14="0" m15="1" />
                <BoneConnect bone_id="-1" num_connections="0" m0="1" m1="0" m2="0" m3="0" m4="0" m5="1" m6="0" m7="0" m8="0" m9="0" m10="1" m11="0" m12="0" m13="0" m14="0" m15="1" />
                <BoneConnect bone_id="-1" num_connections="0" m0="1" m1="0" m2="0" m3="0" m4="0" m5="1" m6="0" m7="0" m8="0" m9="0" m10="1" m11="0" m12="0" m13="0" m14="0" m15="1" />
            </EnvObjectAttachment>
            <EnvObjectAttachment>
                <BoneConnect bone_id="1" num_connections="1" m0="-0.9986" m1="0.00525698" m2="-0.0526357" m3="0" m4="0.00616899" m5="0.999834" m6="-0.0171792" m7="0" m8="0.0525366" m9="-0.0174799" m10="-0.998466" m11="0" m12="0.00203323" m13="0.170215" m14="-0.0783997" m15="1" />
                <BoneConnect bone_id="-1" num_connections="0" m0="1" m1="0" m2="0" m3="0" m4="0" m5="1" m6="0" m7="0" m8="0" m9="0" m10="1" m11="0" m12="0" m13="0" m14="0" m15="1" />
                <BoneConnect bone_id="-1" num_connections="0" m0="1" m1="0" m2="0" m3="0" m4="0" m5="1" m6="0" m7="0" m8="0" m9="0" m10="1" m11="0" m12="0" m13="0" m14="0" m15="1" />
                <BoneConnect bone_id="-1" num_connections="0" m0="1" m1="0" m2="0" m3="0" m4="0" m5="1" m6="0" m7="0" m8="0" m9="0" m10="1" m11="0" m12="0" m13="0" m14="0" m15="1" />
            </EnvObjectAttachment>
            <EnvObjectAttachment>
                <BoneConnect bone_id="2" num_connections="1" m0="-0.99953" m1="-0.0157789" m2="-0.0262812" m3="0" m4="-0.00429796" m5="0.921015" m6="-0.389504" m7="0" m8="0.0303513" m9="-0.389208" m10="-0.92065" m11="0" m12="-0.00138736" m13="0.234097" m14="0.0906258" m15="1" />
                <BoneConnect bone_id="-1" num_connections="0" m0="1" m1="0" m2="0" m3="0" m4="0" m5="1" m6="0" m7="0" m8="0" m9="0" m10="1" m11="0" m12="0" m13="0" m14="0" m15="1" />
                <BoneConnect bone_id="-1" num_connections="0" m0="1" m1="0" m2="0" m3="0" m4="0" m5="1" m6="0" m7="0" m8="0" m9="0" m10="1" m11="0" m12="0" m13="0" m14="0" m15="1" />
                <BoneConnect bone_id="-1" num_connections="0" m0="1" m1="0" m2="0" m3="0" m4="0" m5="1" m6="0" m7="0" m8="0" m9="0" m10="1" m11="0" m12="0" m13="0" m14="0" m15="1" />
            </EnvObjectAttachment>
            <EnvObjectAttachment>
                <BoneConnect bone_id="31" num_connections="1" m0="-0.00639473" m1="0.313858" m2="0.949499" m3="0" m4="0.00737619" m5="0.949461" m6="-0.313797" m7="0" m8="-1" m9="0.0049987" m10="-0.00838716" m11="0" m12="-0.00090915" m13="0.549012" m14="0.16345" m15="1" />
                <BoneConnect bone_id="-1" num_connections="0" m0="1" m1="0" m2="0" m3="0" m4="0" m5="1" m6="0" m7="0" m8="0" m9="0" m10="1" m11="0" m12="0" m13="0" m14="0" m15="1" />
                <BoneConnect bone_id="-1" num_connections="0" m0="1" m1="0" m2="0" m3="0" m4="0" m5="1" m6="0" m7="0" m8="0" m9="0" m10="1" m11="0" m12="0" m13="0" m14="0" m15="1" />
                <BoneConnect bone_id="-1" num_connections="0" m0="1" m1="0" m2="0" m3="0" m4="0" m5="1" m6="0" m7="0" m8="0" m9="0" m10="1" m11="0" m12="0" m13="0" m14="0" m15="1" />
            </EnvObjectAttachment>
            <EnvObjectAttachment>
                <BoneConnect bone_id="31" num_connections="1" m0="-0.0922743" m1="0.283736" m2="0.954454" m3="0" m4="0.0566968" m5="0.958484" m6="-0.279453" m7="0" m8="-0.994119" m9="0.0283282" m10="-0.10453" m11="0" m12="-0.00106991" m13="0.567231" m14="0.160278" m15="1" />
                <BoneConnect bone_id="-1" num_connections="0" m0="1" m1="0" m2="0" m3="0" m4="0" m5="1" m6="0" m7="0" m8="0" m9="0" m10="1" m11="0" m12="0" m13="0" m14="0" m15="1" />
                <BoneConnect bone_id="-1" num_connections="0" m0="1" m1="0" m2="0" m3="0" m4="0" m5="1" m6="0" m7="0" m8="0" m9="0" m10="1" m11="0" m12="0" m13="0" m14="0" m15="1" />
                <BoneConnect bone_id="-1" num_connections="0" m0="1" m1="0" m2="0" m3="0" m4="0" m5="1" m6="0" m7="0" m8="0" m9="0" m10="1" m11="0" m12="0" m13="0" m14="0" m15="1" />
            </EnvObjectAttachment>
            <EnvObjectAttachment>
                <BoneConnect bone_id="31" num_connections="1" m0="-0.0922743" m1="0.283736" m2="0.954454" m3="0" m4="0.0566968" m5="0.958484" m6="-0.279453" m7="0" m8="-0.994119" m9="0.0283282" m10="-0.10453" m11="0" m12="-0.00161349" m13="0.528397" m14="0.173655" m15="1" />
                <BoneConnect bone_id="-1" num_connections="0" m0="1" m1="0" m2="0" m3="0" m4="0" m5="1" m6="0" m7="0" m8="0" m9="0" m10="1" m11="0" m12="0" m13="0" m14="0" m15="1" />
                <BoneConnect bone_id="-1" num_connections="0" m0="1" m1="0" m2="0" m3="0" m4="0" m5="1" m6="0" m7="0" m8="0" m9="0" m10="1" m11="0" m12="0" m13="0" m14="0" m15="1" />
                <BoneConnect bone_id="-1" num_connections="0" m0="1" m1="0" m2="0" m3="0" m4="0" m5="1" m6="0" m7="0" m8="0" m9="0" m10="1" m11="0" m12="0" m13="0" m14="0" m15="1" />
            </EnvObjectAttachment>
            <EnvObjectAttachment>
                <BoneConnect bone_id="31" num_connections="1" m0="-0.106552" m1="-0.0831466" m2="0.990824" m3="0" m4="0.0193772" m5="0.996134" m6="0.0856759" m7="0" m8="-0.994118" m9="0.0283284" m10="-0.104529" m11="0" m12="-0.00196147" m13="0.512411" m14="0.173751" m15="1" />
                <BoneConnect bone_id="-1" num_connections="0" m0="1" m1="0" m2="0" m3="0" m4="0" m5="1" m6="0" m7="0" m8="0" m9="0" m10="1" m11="0" m12="0" m13="0" m14="0" m15="1" />
                <BoneConnect bone_id="-1" num_connections="0" m0="1" m1="0" m2="0" m3="0" m4="0" m5="1" m6="0" m7="0" m8="0" m9="0" m10="1" m11="0" m12="0" m13="0" m14="0" m15="1" />
                <BoneConnect bone_id="-1" num_connections="0" m0="1" m1="0" m2="0" m3="0" m4="0" m5="1" m6="0" m7="0" m8="0" m9="0" m10="1" m11="0" m12="0" m13="0" m14="0" m15="1" />
            </EnvObjectAttachment>
            <EnvObjectAttachment>
                <BoneConnect bone_id="31" num_connections="1" m0="0.137128" m1="0.376784" m2="0.916095" m3="0" m4="-0.680844" m5="0.707592" m6="-0.189114" m7="0" m8="-0.719477" m9="-0.597785" m10="0.353561" m11="0" m12="0.0140697" m13="0.552653" m14="0.163206" m15="1" />
                <BoneConnect bone_id="-1" num_connections="0" m0="1" m1="0" m2="0" m3="0" m4="0" m5="1" m6="0" m7="0" m8="0" m9="0" m10="1" m11="0" m12="0" m13="0" m14="0" m15="1" />
                <BoneConnect bone_id="-1" num_connections="0" m0="1" m1="0" m2="0" m3="0" m4="0" m5="1" m6="0" m7="0" m8="0" m9="0" m10="1" m11="0" m12="0" m13="0" m14="0" m15="1" />
                <BoneConnect bone_id="-1" num_connections="0" m0="1" m1="0" m2="0" m3="0" m4="0" m5="1" m6="0" m7="0" m8="0" m9="0" m10="1" m11="0" m12="0" m13="0" m14="0" m15="1" />
            </EnvObjectAttachment>
            <EnvObjectAttachment>
                <BoneConnect bone_id="31" num_connections="1" m0="0.30446" m1="-0.087502" m2="0.948497" m3="0" m4="0.0193777" m5="0.996134" m6="0.0856766" m7="0" m8="-0.952328" m9="-0.00770543" m10="0.304979" m11="0" m12="0.0255575" m13="0.523728" m14="0.169056" m15="1" />
                <BoneConnect bone_id="-1" num_connections="0" m0="1" m1="0" m2="0" m3="0" m4="0" m5="1" m6="0" m7="0" m8="0" m9="0" m10="1" m11="0" m12="0" m13="0" m14="0" m15="1" />
                <BoneConnect bone_id="-1" num_connections="0" m0="1" m1="0" m2="0" m3="0" m4="0" m5="1" m6="0" m7="0" m8="0" m9="0" m10="1" m11="0" m12="0" m13="0" m14="0" m15="1" />
                <BoneConnect bone_id="-1" num_connections="0" m0="1" m1="0" m2="0" m3="0" m4="0" m5="1" m6="0" m7="0" m8="0" m9="0" m10="1" m11="0" m12="0" m13="0" m14="0" m15="1" />
            </EnvObjectAttachment>
            <EnvObjectAttachment>
                <BoneConnect bone_id="31" num_connections="1" m0="0.948191" m1="0.0923389" m2="-0.303983" m3="0" m4="0.194873" m5="-0.924709" m6="0.326945" m7="0" m8="-0.250911" m9="-0.369244" m10="-0.894794" m11="0" m12="-0.083192" m13="0.5573" m14="0.0851157" m15="1" />
                <BoneConnect bone_id="-1" num_connections="0" m0="1" m1="0" m2="0" m3="0" m4="0" m5="1" m6="0" m7="0" m8="0" m9="0" m10="1" m11="0" m12="0" m13="0" m14="0" m15="1" />
                <BoneConnect bone_id="-1" num_connections="0" m0="1" m1="0" m2="0" m3="0" m4="0" m5="1" m6="0" m7="0" m8="0" m9="0" m10="1" m11="0" m12="0" m13="0" m14="0" m15="1" />
                <BoneConnect bone_id="-1" num_connections="0" m0="1" m1="0" m2="0" m3="0" m4="0" m5="1" m6="0" m7="0" m8="0" m9="0" m10="1" m11="0" m12="0" m13="0" m14="0" m15="1" />
            </EnvObjectAttachment>
            <EnvObjectAttachment>
                <BoneConnect bone_id="31" num_connections="1" m0="-0.96899" m1="0.138338" m2="0.204642" m3="0" m4="0.126766" m5="0.989552" m6="-0.0686816" m7="0" m8="-0.212004" m9="-0.0406052" m10="-0.976403" m11="0" m12="-0.0874834" m13="0.530489" m14="0.0836419" m15="1" />
                <BoneConnect bone_id="-1" num_connections="0" m0="1" m1="0" m2="0" m3="0" m4="0" m5="1" m6="0" m7="0" m8="0" m9="0" m10="1" m11="0" m12="0" m13="0" m14="0" m15="1" />
                <BoneConnect bone_id="-1" num_connections="0" m0="1" m1="0" m2="0" m3="0" m4="0" m5="1" m6="0" m7="0" m8="0" m9="0" m10="1" m11="0" m12="0" m13="0" m14="0" m15="1" />
                <BoneConnect bone_id="-1" num_connections="0" m0="1" m1="0" m2="0" m3="0" m4="0" m5="1" m6="0" m7="0" m8="0" m9="0" m10="1" m11="0" m12="0" m13="0" m14="0" m15="1" />
            </EnvObjectAttachment>
            <EnvObjectAttachment>
                <BoneConnect bone_id="31" num_connections="1" m0="-0.180986" m1="0.316247" m2="0.931253" m3="0" m4="-0.340221" m5="0.868296" m6="-0.360988" m7="0" m8="-0.922765" m9="-0.382165" m10="-0.049556" m11="0" m12="-0.0185542" m13="0.552543" m14="0.160904" m15="1" />
                <BoneConnect bone_id="-1" num_connections="0" m0="1" m1="0" m2="0" m3="0" m4="0" m5="1" m6="0" m7="0" m8="0" m9="0" m10="1" m11="0" m12="0" m13="0" m14="0" m15="1" />
                <BoneConnect bone_id="-1" num_connections="0" m0="1" m1="0" m2="0" m3="0" m4="0" m5="1" m6="0" m7="0" m8="0" m9="0" m10="1" m11="0" m12="0" m13="0" m14="0" m15="1" />
                <BoneConnect bone_id="-1" num_connections="0" m0="1" m1="0" m2="0" m3="0" m4="0" m5="1" m6="0" m7="0" m8="0" m9="0" m10="1" m11="0" m12="0" m13="0" m14="0" m15="1" />
            </EnvObjectAttachment>
            <EnvObjectAttachment>
                <BoneConnect bone_id="31" num_connections="1" m0="-0.407564" m1="0.129379" m2="0.903948" m3="0" m4="-0.29702" m5="0.9173" m6="-0.265213" m7="0" m8="-0.863505" m9="-0.376585" m10="-0.335429" m11="0" m12="-0.0274328" m13="0.524318" m14="0.167737" m15="1" />
                <BoneConnect bone_id="-1" num_connections="0" m0="1" m1="0" m2="0" m3="0" m4="0" m5="1" m6="0" m7="0" m8="0" m9="0" m10="1" m11="0" m12="0" m13="0" m14="0" m15="1" />
                <BoneConnect bone_id="-1" num_connections="0" m0="1" m1="0" m2="0" m3="0" m4="0" m5="1" m6="0" m7="0" m8="0" m9="0" m10="1" m11="0" m12="0" m13="0" m14="0" m15="1" />
                <BoneConnect bone_id="-1" num_connections="0" m0="1" m1="0" m2="0" m3="0" m4="0" m5="1" m6="0" m7="0" m8="0" m9="0" m10="1" m11="0" m12="0" m13="0" m14="0" m15="1" />
            </EnvObjectAttachment>
            <EnvObjectAttachment>
                <BoneConnect bone_id="31" num_connections="1" m0="-0.790404" m1="-0.080366" m2="0.607257" m3="0" m4="-0.29702" m5="0.9173" m6="-0.265213" m7="0" m8="-0.535723" m9="-0.389994" m10="-0.748908" m11="0" m12="-0.0605256" m13="0.554544" m14="0.129214" m15="1" />
                <BoneConnect bone_id="-1" num_connections="0" m0="1" m1="0" m2="0" m3="0" m4="0" m5="1" m6="0" m7="0" m8="0" m9="0" m10="1" m11="0" m12="0" m13="0" m14="0" m15="1" />
                <BoneConnect bone_id="-1" num_connections="0" m0="1" m1="0" m2="0" m3="0" m4="0" m5="1" m6="0" m7="0" m8="0" m9="0" m10="1" m11="0" m12="0" m13="0" m14="0" m15="1" />
                <BoneConnect bone_id="-1" num_connections="0" m0="1" m1="0" m2="0" m3="0" m4="0" m5="1" m6="0" m7="0" m8="0" m9="0" m10="1" m11="0" m12="0" m13="0" m14="0" m15="1" />
            </EnvObjectAttachment>
            <EnvObjectAttachment>
                <BoneConnect bone_id="31" num_connections="1" m0="-0.790404" m1="-0.080366" m2="0.607257" m3="0" m4="-0.29702" m5="0.9173" m6="-0.265213" m7="0" m8="-0.535723" m9="-0.389994" m10="-0.748908" m11="0" m12="-0.0680311" m13="0.526797" m14="0.13508" m15="1" />
                <BoneConnect bone_id="-1" num_connections="0" m0="1" m1="0" m2="0" m3="0" m4="0" m5="1" m6="0" m7="0" m8="0" m9="0" m10="1" m11="0" m12="0" m13="0" m14="0" m15="1" />
                <BoneConnect bone_id="-1" num_connections="0" m0="1" m1="0" m2="0" m3="0" m4="0" m5="1" m6="0" m7="0" m8="0" m9="0" m10="1" m11="0" m12="0" m13="0" m14="0" m15="1" />
                <BoneConnect bone_id="-1" num_connections="0" m0="1" m1="0" m2="0" m3="0" m4="0" m5="1" m6="0" m7="0" m8="0" m9="0" m10="1" m11="0" m12="0" m13="0" m14="0" m15="1" />
            </EnvObjectAttachment>
            <EnvObjectAttachment>
                <BoneConnect bone_id="31" num_connections="1" m0="-0.879094" m1="-0.154276" m2="0.450945" m3="0" m4="-0.297019" m5="0.9173" m6="-0.265214" m7="0" m8="-0.372736" m9="-0.367088" m10="-0.852215" m11="0" m12="-0.073194" m13="0.555917" m14="0.107841" m15="1" />
                <BoneConnect bone_id="-1" num_connections="0" m0="1" m1="0" m2="0" m3="0" m4="0" m5="1" m6="0" m7="0" m8="0" m9="0" m10="1" m11="0" m12="0" m13="0" m14="0" m15="1" />
                <BoneConnect bone_id="-1" num_connections="0" m0="1" m1="0" m2="0" m3="0" m4="0" m5="1" m6="0" m7="0" m8="0" m9="0" m10="1" m11="0" m12="0" m13="0" m14="0" m15="1" />
                <BoneConnect bone_id="-1" num_connections="0" m0="1" m1="0" m2="0" m3="0" m4="0" m5="1" m6="0" m7="0" m8="0" m9="0" m10="1" m11="0" m12="0" m13="0" m14="0" m15="1" />
            </EnvObjectAttachment>
            <EnvObjectAttachment>
                <BoneConnect bone_id="31" num_connections="1" m0="-0.879094" m1="-0.154276" m2="0.450945" m3="0" m4="-0.297019" m5="0.9173" m6="-0.265214" m7="0" m8="-0.372736" m9="-0.367088" m10="-0.852215" m11="0" m12="-0.0803567" m13="0.528254" m14="0.110776" m15="1" />
                <BoneConnect bone_id="-1" num_connections="0" m0="1" m1="0" m2="0" m3="0" m4="0" m5="1" m6="0" m7="0" m8="0" m9="0" m10="1" m11="0" m12="0" m13="0" m14="0" m15="1" />
                <BoneConnect bone_id="-1" num_connections="0" m0="1" m1="0" m2="0" m3="0" m4="0" m5="1" m6="0" m7="0" m8="0" m9="0" m10="1" m11="0" m12="0" m13="0" m14="0" m15="1" />
                <BoneConnect bone_id="-1" num_connections="0" m0="1" m1="0" m2="0" m3="0" m4="0" m5="1" m6="0" m7="0" m8="0" m9="0" m10="1" m11="0" m12="0" m13="0" m14="0" m15="1" />
            </EnvObjectAttachment>
            <EnvObjectAttachment>
                <BoneConnect bone_id="31" num_connections="1" m0="-0.713773" m1="-0.028808" m2="0.699758" m3="0" m4="-0.29702" m5="0.917301" m6="-0.265213" m7="0" m8="-0.634248" m9="-0.397146" m10="-0.6633" m11="0" m12="-0.048951" m13="0.525146" m14="0.155547" m15="1" />
                <BoneConnect bone_id="-1" num_connections="0" m0="1" m1="0" m2="0" m3="0" m4="0" m5="1" m6="0" m7="0" m8="0" m9="0" m10="1" m11="0" m12="0" m13="0" m14="0" m15="1" />
                <BoneConnect bone_id="-1" num_connections="0" m0="1" m1="0" m2="0" m3="0" m4="0" m5="1" m6="0" m7="0" m8="0" m9="0" m10="1" m11="0" m12="0" m13="0" m14="0" m15="1" />
                <BoneConnect bone_id="-1" num_connections="0" m0="1" m1="0" m2="0" m3="0" m4="0" m5="1" m6="0" m7="0" m8="0" m9="0" m10="1" m11="0" m12="0" m13="0" m14="0" m15="1" />
            </EnvObjectAttachment>
            <EnvObjectAttachment>
                <BoneConnect bone_id="31" num_connections="1" m0="-0.515306" m1="0.0798379" m2="0.853261" m3="0" m4="-0.297019" m5="0.917301" m6="-0.265213" m7="0" m8="-0.803871" m9="-0.390103" m10="-0.448976" m11="0" m12="-0.0419497" m13="0.55369" m14="0.146298" m15="1" />
                <BoneConnect bone_id="-1" num_connections="0" m0="1" m1="0" m2="0" m3="0" m4="0" m5="1" m6="0" m7="0" m8="0" m9="0" m10="1" m11="0" m12="0" m13="0" m14="0" m15="1" />
                <BoneConnect bone_id="-1" num_connections="0" m0="1" m1="0" m2="0" m3="0" m4="0" m5="1" m6="0" m7="0" m8="0" m9="0" m10="1" m11="0" m12="0" m13="0" m14="0" m15="1" />
                <BoneConnect bone_id="-1" num_connections="0" m0="1" m1="0" m2="0" m3="0" m4="0" m5="1" m6="0" m7="0" m8="0" m9="0" m10="1" m11="0" m12="0" m13="0" m14="0" m15="1" />
            </EnvObjectAttachment>
            <EnvObjectAttachment>
                <BoneConnect bone_id="31" num_connections="1" m0="-0.0922743" m1="0.283736" m2="0.954454" m3="0" m4="0.0566968" m5="0.958484" m6="-0.279453" m7="0" m8="-0.994119" m9="0.0283282" m10="-0.10453" m11="0" m12="-0.00114703" m13="0.549872" m14="0.166317" m15="1" />
                <BoneConnect bone_id="-1" num_connections="0" m0="1" m1="0" m2="0" m3="0" m4="0" m5="1" m6="0" m7="0" m8="0" m9="0" m10="1" m11="0" m12="0" m13="0" m14="0" m15="1" />
                <BoneConnect bone_id="-1" num_connections="0" m0="1" m1="0" m2="0" m3="0" m4="0" m5="1" m6="0" m7="0" m8="0" m9="0" m10="1" m11="0" m12="0" m13="0" m14="0" m15="1" />
                <BoneConnect bone_id="-1" num_connections="0" m0="1" m1="0" m2="0" m3="0" m4="0" m5="1" m6="0" m7="0" m8="0" m9="0" m10="1" m11="0" m12="0" m13="0" m14="0" m15="1" />
            </EnvObjectAttachment>
            <EnvObjectAttachment>
                <BoneConnect bone_id="31" num_connections="1" m0="-0.0336035" m1="-0.0849941" m2="0.995815" m3="0" m4="0.019377" m5="0.996135" m6="0.0856752" m7="0" m8="-0.999247" m9="0.0221749" m10="-0.0318266" m11="0" m12="-0.0916154" m13="0.591015" m14="0.0558707" m15="1" />
                <BoneConnect bone_id="-1" num_connections="0" m0="1" m1="0" m2="0" m3="0" m4="0" m5="1" m6="0" m7="0" m8="0" m9="0" m10="1" m11="0" m12="0" m13="0" m14="0" m15="1" />
                <BoneConnect bone_id="-1" num_connections="0" m0="1" m1="0" m2="0" m3="0" m4="0" m5="1" m6="0" m7="0" m8="0" m9="0" m10="1" m11="0" m12="0" m13="0" m14="0" m15="1" />
                <BoneConnect bone_id="-1" num_connections="0" m0="1" m1="0" m2="0" m3="0" m4="0" m5="1" m6="0" m7="0" m8="0" m9="0" m10="1" m11="0" m12="0" m13="0" m14="0" m15="1" />
            </EnvObjectAttachment>
            <EnvObjectAttachment>
                <BoneConnect bone_id="31" num_connections="1" m0="-0.045447" m1="-0.0847261" m2="0.995368" m3="0" m4="0.0193773" m5="0.996134" m6="0.0856763" m7="0" m8="-0.998779" m9="0.0231811" m10="-0.0436296" m11="0" m12="-0.082862" m13="0.588617" m14="0.0937601" m15="1" />
                <BoneConnect bone_id="-1" num_connections="0" m0="1" m1="0" m2="0" m3="0" m4="0" m5="1" m6="0" m7="0" m8="0" m9="0" m10="1" m11="0" m12="0" m13="0" m14="0" m15="1" />
                <BoneConnect bone_id="-1" num_connections="0" m0="1" m1="0" m2="0" m3="0" m4="0" m5="1" m6="0" m7="0" m8="0" m9="0" m10="1" m11="0" m12="0" m13="0" m14="0" m15="1" />
                <BoneConnect bone_id="-1" num_connections="0" m0="1" m1="0" m2="0" m3="0" m4="0" m5="1" m6="0" m7="0" m8="0" m9="0" m10="1" m11="0" m12="0" m13="0" m14="0" m15="1" />
            </EnvObjectAttachment>
            <EnvObjectAttachment>
                <BoneConnect bone_id="31" num_connections="1" m0="0.621509" m1="-0.079125" m2="0.779402" m3="0" m4="0.0193772" m5="0.996135" m6="0.0856763" m7="0" m8="-0.783168" m9="-0.038146" m10="0.62064" m11="0" m12="-0.0615655" m13="0.586614" m14="0.127462" m15="1" />
                <BoneConnect bone_id="-1" num_connections="0" m0="1" m1="0" m2="0" m3="0" m4="0" m5="1" m6="0" m7="0" m8="0" m9="0" m10="1" m11="0" m12="0" m13="0" m14="0" m15="1" />
                <BoneConnect bone_id="-1" num_connections="0" m0="1" m1="0" m2="0" m3="0" m4="0" m5="1" m6="0" m7="0" m8="0" m9="0" m10="1" m11="0" m12="0" m13="0" m14="0" m15="1" />
                <BoneConnect bone_id="-1" num_connections="0" m0="1" m1="0" m2="0" m3="0" m4="0" m5="1" m6="0" m7="0" m8="0" m9="0" m10="1" m11="0" m12="0" m13="0" m14="0" m15="1" />
            </EnvObjectAttachment>
            <EnvObjectAttachment>
                <BoneConnect bone_id="31" num_connections="1" m0="0.883252" m1="-0.0572084" m2="0.465395" m3="0" m4="0.019376" m5="0.996135" m6="0.0856764" m7="0" m8="-0.468498" m9="-0.0666564" m10="0.880946" m11="0" m12="-0.0341598" m13="0.586018" m14="0.150154" m15="1" />
                <BoneConnect bone_id="-1" num_connections="0" m0="1" m1="0" m2="0" m3="0" m4="0" m5="1" m6="0" m7="0" m8="0" m9="0" m10="1" m11="0" m12="0" m13="0" m14="0" m15="1" />
                <BoneConnect bone_id="-1" num_connections="0" m0="1" m1="0" m2="0" m3="0" m4="0" m5="1" m6="0" m7="0" m8="0" m9="0" m10="1" m11="0" m12="0" m13="0" m14="0" m15="1" />
                <BoneConnect bone_id="-1" num_connections="0" m0="1" m1="0" m2="0" m3="0" m4="0" m5="1" m6="0" m7="0" m8="0" m9="0" m10="1" m11="0" m12="0" m13="0" m14="0" m15="1" />
            </EnvObjectAttachment>
            <EnvObjectAttachment>
                <BoneConnect bone_id="31" num_connections="1" m0="-0.0909059" m1="-0.083582" m2="0.992346" m3="0" m4="0.0193771" m5="0.996134" m6="0.0856761" m7="0" m8="-0.995671" m9="0.0270172" m10="-0.0889349" m11="0" m12="-0.000816412" m13="0.585812" m14="0.159936" m15="1" />
