<?xml version="2.0" ?>
<Type>saved</Type>
<ActorObjects>
    <Group t0="21.4492" t1="0.184672" t2="-45.6609" s0="6.7301" s1="2.21922" s2="2.88074" q0="0" q1="0" q2="0" q3="1" euler_x="0" euler_y="0" euler_z="0" id="14926" version="1">
        <parameters />
        <ActorObject name="Streets Guard" t0="23.8092" t1="0.177" t2="-45.7871" s0="1" s1="1" s2="1" q0="0" q1="0" q2="0" q3="1" euler_x="0" euler_y="0" euler_z="0" id="11745" type_file="Data/Objects/therium/IGF_Characters/heavy.xml" is_player="0">
            <parameters>
                <parameter name="Aggression" type="string" val="0.5" />
                <parameter name="Attack Damage" type="string" val="1.2000000000000002" />
                <parameter name="Attack Knockback" type="string" val="1.2000000000000002" />
                <parameter name="Attack Speed" type="string" val="0.9" />
                <parameter name="Block Follow-up" type="string" val="0.5" />
                <parameter name="Block Skill" type="string" val="0.5" />
                <parameter name="Cannot Be Disarmed" type="int" val="0" />
                <parameter name="Character Scale" type="string" val="1.12" />
                <parameter name="Damage Resistance" type="string" val="1.3" />
                <parameter name="Ear Size" type="string" val="1" />
                <parameter name="Fall Damage Multiplier" type="float" val="1" />
                <parameter name="Fat" type="string" val="0.5" />
                <parameter name="Fear - Afraid At Health Level" type="float" val="0" />
                <parameter name="Fear - Always Afraid On Sight" type="int" val="0" />
                <parameter name="Fear - Causes Fear On Sight" type="int" val="0" />
                <parameter name="Fear - Never Afraid On Sight" type="int" val="0" />
                <parameter name="Focus FOV distance" type="float" val="100" />
                <parameter name="Focus FOV horizontal" type="float" val="0.62834" />
                <parameter name="Focus FOV vertical" type="float" val="0.62834" />
                <parameter name="Ground Aggression" type="string" val="0.5" />
                <parameter name="Jump - Air Control" type="float" val="3" />
                <parameter name="Jump - Initial Velocity" type="float" val="5" />
                <parameter name="Jump - Jump Sustain" type="float" val="5" />
                <parameter name="Jump - Jump Sustain Boost" type="float" val="10" />
                <parameter name="Knockout Shield" type="int" val="0" />
                <parameter name="Left handed" type="string" val="0" />
                <parameter name="Lives" type="string" val="1" />
                <parameter name="Movement Speed" type="string" val="0.8" />
                <parameter name="Muscle" type="string" val="0.6000000000000001" />
                <parameter name="No Look Around" type="int" val="0" />
                <parameter name="Peripheral FOV distance" type="float" val="4" />
                <parameter name="Peripheral FOV horizontal" type="float" val="1.41376" />
                <parameter name="Peripheral FOV vertical" type="float" val="1.41376" />
                <parameter name="Species" type="string" val="rabbit" />
                <parameter name="Static" type="int" val="1" />
                <parameter name="Stick To Nav Mesh" type="int" val="0" />
                <parameter name="Teams" type="string" val="guard" />
                <parameter name="Throw Counter Probability" type="float" val="0.4" />
                <parameter name="Throw Trainer" type="int" val="0" />
                <parameter name="Weapon Catch Skill" type="float" val="1" />
                <parameter name="Wearing Metal Armor" type="int" val="1" />
            </parameters>
            <Connections>
                <Connection id="-1" />
            </Connections>
            <ItemConnections>
                <ItemConnection id="14411" type="0" mirrored="0" attachment="" />
            </ItemConnections>
            <Palette>
                <Color label="Fur" channel="1" red="0.94902" green="0.776471" blue="0.776471" />
            </Palette>
            <EnvObjectAttachments>
                <EnvObjectAttachment>
                    <BoneConnect bone_id="8" num_connections="1" m0="0.992683" m1="0.0885316" m2="-0.0821117" m3="0" m4="-0.0884124" m5="0.996071" m6="0.00509082" m7="0" m8="0.0822398" m9="0.00220612" m10="0.99661" m11="0" m12="0.477864" m13="0.178791" m14="-0.042398" m15="1" />
                    <BoneConnect bone_id="9" num_connections="1" m0="0.994642" m1="0.0995123" m2="-0.0279994" m3="0" m4="-0.0969801" m5="0.992016" m6="0.0806188" m7="0" m8="0.0357984" m9="-0.0774715" m10="0.996352" m11="0" m12="0.468111" m13="0.185038" m14="-0.040561" m15="1" />
                    <BoneConnect bone_id="-1" num_connections="0" m0="1" m1="0" m2="0" m3="0" m4="0" m5="1" m6="0" m7="0" m8="0" m9="0" m10="1" m11="0" m12="0" m13="0" m14="0" m15="1" />
                    <BoneConnect bone_id="-1" num_connections="0" m0="1" m1="0" m2="0" m3="0" m4="0" m5="1" m6="0" m7="0" m8="0" m9="0" m10="1" m11="0" m12="0" m13="0" m14="0" m15="1" />
                </EnvObjectAttachment>
                <EnvObjectAttachment>
                    <BoneConnect bone_id="31" num_connections="1" m0="0.994659" m1="0.0105678" m2="0.102674" m3="0" m4="0.0129891" m5="0.974021" m6="-0.226085" m7="0" m8="-0.102396" m9="0.226211" m10="0.968681" m11="0" m12="-0.0171747" m13="0.531875" m14="0.158254" m15="1" />
                    <BoneConnect bone_id="-1" num_connections="0" m0="1" m1="0" m2="0" m3="0" m4="0" m5="1" m6="0" m7="0" m8="0" m9="0" m10="1" m11="0" m12="0" m13="0" m14="0" m15="1" />
                    <BoneConnect bone_id="-1" num_connections="0" m0="1" m1="0" m2="0" m3="0" m4="0" m5="1" m6="0" m7="0" m8="0" m9="0" m10="1" m11="0" m12="0" m13="0" m14="0" m15="1" />
                    <BoneConnect bone_id="-1" num_connections="0" m0="1" m1="0" m2="0" m3="0" m4="0" m5="1" m6="0" m7="0" m8="0" m9="0" m10="1" m11="0" m12="0" m13="0" m14="0" m15="1" />
                </EnvObjectAttachment>
                <EnvObjectAttachment>
                    <BoneConnect bone_id="31" num_connections="1" m0="-0.999741" m1="0.0168711" m2="0.0152465" m3="0" m4="0.0121648" m5="0.963273" m6="-0.268248" m7="0" m8="-0.0192122" m9="-0.267993" m10="-0.963229" m11="0" m12="-9.63211e-05" m13="0.545089" m14="-0.012471" m15="1" />
                    <BoneConnect bone_id="-1" num_connections="0" m0="1" m1="0" m2="0" m3="0" m4="0" m5="1" m6="0" m7="0" m8="0" m9="0" m10="1" m11="0" m12="0" m13="0" m14="0" m15="1" />
                    <BoneConnect bone_id="-1" num_connections="0" m0="1" m1="0" m2="0" m3="0" m4="0" m5="1" m6="0" m7="0" m8="0" m9="0" m10="1" m11="0" m12="0" m13="0" m14="0" m15="1" />
                    <BoneConnect bone_id="-1" num_connections="0" m0="1" m1="0" m2="0" m3="0" m4="0" m5="1" m6="0" m7="0" m8="0" m9="0" m10="1" m11="0" m12="0" m13="0" m14="0" m15="1" />
                </EnvObjectAttachment>
                <EnvObjectAttachment>
                    <BoneConnect bone_id="17" num_connections="1" m0="0.174599" m1="0.984625" m2="-0.00540553" m3="0" m4="-0.973496" m5="0.171797" m6="-0.150969" m7="0" m8="-0.147719" m9="0.0316214" m10="0.988524" m11="0" m12="-0.173287" m13="0.382465" m14="-0.0386772" m15="1" />
                    <BoneConnect bone_id="-1" num_connections="0" m0="1" m1="0" m2="0" m3="0" m4="0" m5="1" m6="0" m7="0" m8="0" m9="0" m10="1" m11="0" m12="0" m13="0" m14="0" m15="1" />
                    <BoneConnect bone_id="-1" num_connections="0" m0="1" m1="0" m2="0" m3="0" m4="0" m5="1" m6="0" m7="0" m8="0" m9="0" m10="1" m11="0" m12="0" m13="0" m14="0" m15="1" />
                    <BoneConnect bone_id="-1" num_connections="0" m0="1" m1="0" m2="0" m3="0" m4="0" m5="1" m6="0" m7="0" m8="0" m9="0" m10="1" m11="0" m12="0" m13="0" m14="0" m15="1" />
                </EnvObjectAttachment>
                <EnvObjectAttachment>
                    <BoneConnect bone_id="4" num_connections="1" m0="0.988239" m1="0.0394262" m2="0.147745" m3="0" m4="-0.0387359" m5="0.999221" m6="-0.00754833" m7="0" m8="-0.147927" m9="0.00173653" m10="0.988997" m11="0" m12="0.16363" m13="0.391085" m14="-0.0226479" m15="1" />
                    <BoneConnect bone_id="-1" num_connections="0" m0="1" m1="0" m2="0" m3="0" m4="0" m5="1" m6="0" m7="0" m8="0" m9="0" m10="1" m11="0" m12="0" m13="0" m14="0" m15="1" />
                    <BoneConnect bone_id="-1" num_connections="0" m0="1" m1="0" m2="0" m3="0" m4="0" m5="1" m6="0" m7="0" m8="0" m9="0" m10="1" m11="0" m12="0" m13="0" m14="0" m15="1" />
                    <BoneConnect bone_id="-1" num_connections="0" m0="1" m1="0" m2="0" m3="0" m4="0" m5="1" m6="0" m7="0" m8="0" m9="0" m10="1" m11="0" m12="0" m13="0" m14="0" m15="1" />
                </EnvObjectAttachment>
                <EnvObjectAttachment>
                    <BoneConnect bone_id="2" num_connections="1" m0="0.988863" m1="0.00321531" m2="0.148795" m3="0" m4="0.148828" m5="-0.0162287" m6="-0.98873" m7="0" m8="-0.000764326" m9="0.999863" m10="-0.0165264" m11="0" m12="0.00459194" m13="0.147111" m14="-0.0464821" m15="1" />
                    <BoneConnect bone_id="1" num_connections="1" m0="0.997239" m1="0.00263418" m2="0.0742067" m3="0" m4="0.0742355" m5="-0.0133684" m6="-0.997151" m7="0" m8="-0.00163465" m9="0.999907" m10="-0.013527" m11="0" m12="0.0016737" m13="0.170681" m14="-0.0475616" m15="1" />
                    <BoneConnect bone_id="-1" num_connections="0" m0="1" m1="0" m2="0" m3="0" m4="0" m5="1" m6="0" m7="0" m8="0" m9="0" m10="1" m11="0" m12="0" m13="0" m14="0" m15="1" />
                    <BoneConnect bone_id="-1" num_connections="0" m0="1" m1="0" m2="0" m3="0" m4="0" m5="1" m6="0" m7="0" m8="0" m9="0" m10="1" m11="0" m12="0" m13="0" m14="0" m15="1" />
                </EnvObjectAttachment>
                <EnvObjectAttachment>
                    <BoneConnect bone_id="21" num_connections="1" m0="0.524977" m1="0.830048" m2="-0.188201" m3="0" m4="-0.820881" m5="0.552208" m6="0.145675" m7="0" m8="0.224843" m9="0.0780146" m10="0.971267" m11="0" m12="-0.476912" m13="0.193991" m14="-0.00105286" m15="1" />
                    <BoneConnect bone_id="22" num_connections="1" m0="0.522497" m1="0.840166" m2="-0.145318" m3="0" m4="-0.808535" m5="0.542326" m6="0.228374" m7="0" m8="0.270682" m9="-0.00183022" m10="0.962667" m11="0" m12="-0.465107" m13="0.196769" m14="0.00174713" m15="1" />
                    <BoneConnect bone_id="-1" num_connections="0" m0="1" m1="0" m2="0" m3="0" m4="0" m5="1" m6="0" m7="0" m8="0" m9="0" m10="1" m11="0" m12="0" m13="0" m14="0" m15="1" />
                    <BoneConnect bone_id="-1" num_connections="0" m0="1" m1="0" m2="0" m3="0" m4="0" m5="1" m6="0" m7="0" m8="0" m9="0" m10="1" m11="0" m12="0" m13="0" m14="0" m15="1" />
                </EnvObjectAttachment>
                <EnvObjectAttachment>
                    <BoneConnect bone_id="20" num_connections="1" m0="0.633664" m1="0.759257" m2="-0.148282" m3="0" m4="-0.756339" m5="0.567771" m6="-0.324926" m7="0" m8="-0.162514" m9="0.318048" m10="0.934042" m11="0" m12="-0.338108" m13="0.282831" m14="-0.0254936" m15="1" />
                    <BoneConnect bone_id="-1" num_connections="0" m0="1" m1="0" m2="0" m3="0" m4="0" m5="1" m6="0" m7="0" m8="0" m9="0" m10="1" m11="0" m12="0" m13="0" m14="0" m15="1" />
                    <BoneConnect bone_id="-1" num_connections="0" m0="1" m1="0" m2="0" m3="0" m4="0" m5="1" m6="0" m7="0" m8="0" m9="0" m10="1" m11="0" m12="0" m13="0" m14="0" m15="1" />
                    <BoneConnect bone_id="-1" num_connections="0" m0="1" m1="0" m2="0" m3="0" m4="0" m5="1" m6="0" m7="0" m8="0" m9="0" m10="1" m11="0" m12="0" m13="0" m14="0" m15="1" />
                </EnvObjectAttachment>
                <EnvObjectAttachment>
                    <BoneConnect bone_id="7" num_connections="1" m0="-0.705413" m1="0.655901" m2="0.268692" m3="0" m4="0.605444" m5="0.360448" m6="0.709596" m7="0" m8="0.368576" m9="0.663229" m10="-0.651378" m11="0" m12="0.319079" m13="0.300425" m14="0.00167084" m15="1" />
                    <BoneConnect bone_id="-1" num_connections="0" m0="1" m1="0" m2="0" m3="0" m4="0" m5="1" m6="0" m7="0" m8="0" m9="0" m10="1" m11="0" m12="0" m13="0" m14="0" m15="1" />
                    <BoneConnect bone_id="-1" num_connections="0" m0="1" m1="0" m2="0" m3="0" m4="0" m5="1" m6="0" m7="0" m8="0" m9="0" m10="1" m11="0" m12="0" m13="0" m14="0" m15="1" />
                    <BoneConnect bone_id="-1" num_connections="0" m0="1" m1="0" m2="0" m3="0" m4="0" m5="1" m6="0" m7="0" m8="0" m9="0" m10="1" m11="0" m12="0" m13="0" m14="0" m15="1" />
                </EnvObjectAttachment>
                <EnvObjectAttachment>
                    <BoneConnect bone_id="47" num_connections="1" m0="0.0869137" m1="-0.636547" m2="0.766325" m3="0" m4="0.0661185" m5="0.771226" m6="0.633119" m7="0" m8="-0.994019" m9="-0.00435842" m10="0.109118" m11="0" m12="-0.0865965" m13="-0.294477" m14="0.0922546" m15="1" />
                    <BoneConnect bone_id="46" num_connections="1" m0="-0.00652869" m1="-0.627044" m2="0.778956" m3="0" m4="-0.0521252" m5="0.778128" m6="0.62594" m7="0" m8="-0.998619" m9="-0.0365167" m10="-0.0377649" m11="0" m12="-0.0972579" m13="-0.307133" m14="0.0966644" m15="1" />
                    <BoneConnect bone_id="-1" num_connections="0" m0="1" m1="0" m2="0" m3="0" m4="0" m5="1" m6="0" m7="0" m8="0" m9="0" m10="1" m11="0" m12="0" m13="0" m14="0" m15="1" />
                    <BoneConnect bone_id="-1" num_connections="0" m0="1" m1="0" m2="0" m3="0" m4="0" m5="1" m6="0" m7="0" m8="0" m9="0" m10="1" m11="0" m12="0" m13="0" m14="0" m15="1" />
                </EnvObjectAttachment>
                <EnvObjectAttachment>
                    <BoneConnect bone_id="40" num_connections="1" m0="0.17154" m1="-0.583619" m2="0.793702" m3="0" m4="0.0260875" m5="0.808052" m6="0.588533" m7="0" m8="-0.984832" m9="-0.0802509" m10="0.153838" m11="0" m12="0.109909" m13="-0.286672" m14="0.0954132" m15="1" />
                    <BoneConnect bone_id="39" num_connections="1" m0="0.215759" m1="-0.583133" m2="0.783202" m3="0" m4="0.0772928" m5="0.809776" m6="0.581626" m7="0" m8="-0.973383" m9="-0.064955" m10="0.219788" m11="0" m12="0.115436" m13="-0.300282" m14="0.0974655" m15="1" />
                    <BoneConnect bone_id="-1" num_connections="0" m0="1" m1="0" m2="0" m3="0" m4="0" m5="1" m6="0" m7="0" m8="0" m9="0" m10="1" m11="0" m12="0" m13="0" m14="0" m15="1" />
                    <BoneConnect bone_id="-1" num_connections="0" m0="1" m1="0" m2="0" m3="0" m4="0" m5="1" m6="0" m7="0" m8="0" m9="0" m10="1" m11="0" m12="0" m13="0" m14="0" m15="1" />
                </EnvObjectAttachment>
            </EnvObjectAttachments>
            <EnvObject s0="1.35441" s1="1.35441" s2="1.35441" id="8331" color_r="1" color_g="1" color_b="1" overbright="0" type_file="Data/Objects/therium/Gear/dog_armour_grey/dog_armor_lower_arm.xml">
                <parameters />
            </EnvObject>
            <EnvObject s0="1.09475" s1="1.09475" s2="1.09475" id="8602" color_r="1" color_g="1" color_b="1" overbright="0" type_file="Data/Objects/therium/Gear/dog_armour_grey/dog_armor_helmet.xml">
                <parameters />
            </EnvObject>
            <EnvObject s0="1" s1="1" s2="1" id="10842" color_r="1" color_g="1" color_b="1" overbright="0" type_file="Data/Objects/therium/Gear/dog_armour_grey/dog_armor_head_straps.xml">
                <parameters />
            </EnvObject>
            <EnvObject s0="1.41525" s1="1.41525" s2="1.41525" id="11142" color_r="1" color_g="1" color_b="1" overbright="0" type_file="Data/Objects/therium/Gear/dog_armour_grey/dog_armor_shoulder_b.xml">
                <parameters />
            </EnvObject>
            <EnvObject s0="1.41525" s1="1.41525" s2="1.41525" id="11144" color_r="1" color_g="1" color_b="1" overbright="0" type_file="Data/Objects/therium/Gear/dog_armour_grey/dog_armor_shoulder_b.xml">
                <parameters />
            </EnvObject>
            <EnvObject s0="0.377928" s1="0.40764" s2="0.387258" id="11184" color_r="1" color_g="1" color_b="1" overbright="0" type_file="Data/Objects/standard-buckler.xml">
                <parameters />
            </EnvObject>
            <EnvObject s0="1.06226" s1="0.655558" s2="0.655556" id="11634" color_r="1" color_g="1" color_b="1" overbright="0" type_file="Data/Objects/therium/Gear/dog_armour_grey/dog_armor_shoulder_a.xml">
                <parameters />
            </EnvObject>
            <EnvObject s0="1.26528" s1="0.780845" s2="0.780842" id="11639" color_r="1" color_g="1" color_b="1" overbright="0" type_file="Data/Objects/therium/Gear/dog_armour_grey/dog_armor_shoulder_a.xml">
                <parameters />
            </EnvObject>
            <EnvObject s0="1.26528" s1="0.780845" s2="0.780842" id="11640" color_r="1" color_g="1" color_b="1" overbright="0" type_file="Data/Objects/therium/Gear/dog_armour_grey/dog_armor_shoulder_a.xml">
                <parameters />
            </EnvObject>
            <EnvObject s0="1.67193" s1="1.67193" s2="1.67193" id="11647" color_r="1" color_g="1" color_b="1" overbright="0" type_file="Data/Objects/therium/Gear/dog_armour_grey/dog_armor_lower_arm.xml">
                <parameters />
            </EnvObject>
            <EnvObject s0="1.67193" s1="1.67193" s2="1.67193" id="11735" color_r="1" color_g="1" color_b="1" overbright="0" type_file="Data/Objects/therium/Gear/dog_armour_grey/dog_armor_lower_arm.xml">
                <parameters />
            </EnvObject>
        </ActorObject>
        <ActorObject name="Streets Guard" t0="21.4621" t1="0.176772" t2="-45.7871" s0="1" s1="1" s2="1" q0="0" q1="0" q2="0" q3="1" euler_x="0" euler_y="0" euler_z="0" id="14407" type_file="Data/Objects/therium/IGF_Characters/heavy.xml" is_player="0">
            <parameters>
                <parameter name="Aggression" type="string" val="0.5" />
                <parameter name="Attack Damage" type="string" val="1.2000000000000002" />
                <parameter name="Attack Knockback" type="string" val="1.2000000000000002" />
                <parameter name="Attack Speed" type="string" val="0.9" />
                <parameter name="Block Follow-up" type="string" val="0.5" />
                <parameter name="Block Skill" type="string" val="0.5" />
                <parameter name="Cannot Be Disarmed" type="int" val="0" />
                <parameter name="Character Scale" type="string" val="1.12" />
                <parameter name="Damage Resistance" type="string" val="1.3" />
                <parameter name="Ear Size" type="string" val="1" />
                <parameter name="Fall Damage Multiplier" type="float" val="1" />
                <parameter name="Fat" type="string" val="0.5" />
                <parameter name="Fear - Afraid At Health Level" type="float" val="0" />
                <parameter name="Fear - Always Afraid On Sight" type="int" val="0" />
                <parameter name="Fear - Causes Fear On Sight" type="int" val="0" />
                <parameter name="Fear - Never Afraid On Sight" type="int" val="0" />
                <parameter name="Focus FOV distance" type="float" val="100" />
                <parameter name="Focus FOV horizontal" type="float" val="0.62834" />
                <parameter name="Focus FOV vertical" type="float" val="0.62834" />
                <parameter name="Ground Aggression" type="string" val="0.5" />
                <parameter name="Jump - Air Control" type="float" val="3" />
                <parameter name="Jump - Initial Velocity" type="float" val="5" />
                <parameter name="Jump - Jump Sustain" type="float" val="5" />
                <parameter name="Jump - Jump Sustain Boost" type="float" val="10" />
                <parameter name="Knockout Shield" type="int" val="0" />
                <parameter name="Left handed" type="string" val="0" />
                <parameter name="Lives" type="string" val="1" />
                <parameter name="Movement Speed" type="string" val="0.8" />
                <parameter name="Muscle" type="string" val="0.6000000000000001" />
                <parameter name="No Look Around" type="int" val="0" />
                <parameter name="Peripheral FOV distance" type="float" val="4" />
                <parameter name="Peripheral FOV horizontal" type="float" val="1.41376" />
                <parameter name="Peripheral FOV vertical" type="float" val="1.41376" />
                <parameter name="Species" type="string" val="rabbit" />
                <parameter name="Static" type="int" val="1" />
                <parameter name="Stick To Nav Mesh" type="int" val="0" />
                <parameter name="Teams" type="string" val="guard" />
                <parameter name="Throw Counter Probability" type="float" val="0.4" />
                <parameter name="Throw Trainer" type="int" val="0" />
                <parameter name="Weapon Catch Skill" type="float" val="1" />
                <parameter name="Wearing Metal Armor" type="int" val="1" />
            </parameters>
            <Connections>
                <Connection id="-1" />
            </Connections>
            <ItemConnections>
                <ItemConnection id="14412" type="0" mirrored="0" attachment="" />
            </ItemConnections>
            <Palette>
                <Color label="Fur" channel="1" red="0.94902" green="0.776471" blue="0.776471" />
            </Palette>
            <EnvObjectAttachments>
                <EnvObjectAttachment>
                    <BoneConnect bone_id="8" num_connections="1" m0="0.992683" m1="0.0885316" m2="-0.0821117" m3="0" m4="-0.0884124" m5="0.996071" m6="0.00509082" m7="0" m8="0.0822398" m9="0.00220612" m10="0.99661" m11="0" m12="0.477864" m13="0.178791" m14="-0.042398" m15="1" />
                    <BoneConnect bone_id="9" num_connections="1" m0="0.994642" m1="0.0995123" m2="-0.0279994" m3="0" m4="-0.0969801" m5="0.992016" m6="0.0806188" m7="0" m8="0.0357984" m9="-0.0774715" m10="0.996352" m11="0" m12="0.468111" m13="0.185038" m14="-0.040561" m15="1" />
                    <BoneConnect bone_id="-1" num_connections="0" m0="1" m1="0" m2="0" m3="0" m4="0" m5="1" m6="0" m7="0" m8="0" m9="0" m10="1" m11="0" m12="0" m13="0" m14="0" m15="1" />
                    <BoneConnect bone_id="-1" num_connections="0" m0="1" m1="0" m2="0" m3="0" m4="0" m5="1" m6="0" m7="0" m8="0" m9="0" m10="1" m11="0" m12="0" m13="0" m14="0" m15="1" />
                </EnvObjectAttachment>
                <EnvObjectAttachment>
                    <BoneConnect bone_id="31" num_connections="1" m0="0.994659" m1="0.0105678" m2="0.102674" m3="0" m4="0.0129891" m5="0.974021" m6="-0.226085" m7="0" m8="-0.102396" m9="0.226211" m10="0.968681" m11="0" m12="-0.0171747" m13="0.531875" m14="0.158254" m15="1" />
                    <BoneConnect bone_id="-1" num_connections="0" m0="1" m1="0" m2="0" m3="0" m4="0" m5="1" m6="0" m7="0" m8="0" m9="0" m10="1" m11="0" m12="0" m13="0" m14="0" m15="1" />
                    <BoneConnect bone_id="-1" num_connections="0" m0="1" m1="0" m2="0" m3="0" m4="0" m5="1" m6="0" m7="0" m8="0" m9="0" m10="1" m11="0" m12="0" m13="0" m14="0" m15="1" />
                    <BoneConnect bone_id="-1" num_connections="0" m0="1" m1="0" m2="0" m3="0" m4="0" m5="1" m6="0" m7="0" m8="0" m9="0" m10="1" m11="0" m12="0" m13="0" m14="0" m15="1" />
                </EnvObjectAttachment>
                <EnvObjectAttachment>
                    <BoneConnect bone_id="31" num_connections="1" m0="-0.999741" m1="0.0168711" m2="0.0152465" m3="0" m4="0.0121648" m5="0.963273" m6="-0.268248" m7="0" m8="-0.0192122" m9="-0.267993" m10="-0.963229" m11="0" m12="-9.63211e-05" m13="0.545089" m14="-0.012471" m15="1" />
                    <BoneConnect bone_id="-1" num_connections="0" m0="1" m1="0" m2="0" m3="0" m4="0" m5="1" m6="0" m7="0" m8="0" m9="0" m10="1" m11="0" m12="0" m13="0" m14="0" m15="1" />
                    <BoneConnect bone_id="-1" num_connections="0" m0="1" m1="0" m2="0" m3="0" m4="0" m5="1" m6="0" m7="0" m8="0" m9="0" m10="1" m11="0" m12="0" m13="0" m14="0" m15="1" />
                    <BoneConnect bone_id="-1" num_connections="0" m0="1" m1="0" m2="0" m3="0" m4="0" m5="1" m6="0" m7="0" m8="0" m9="0" m10="1" m11="0" m12="0" m13="0" m14="0" m15="1" />
                </EnvObjectAttachment>
                <EnvObjectAttachment>
                    <BoneConnect bone_id="17" num_connections="1" m0="0.174599" m1="0.984625" m2="-0.00540553" m3="0" m4="-0.973496" m5="0.171797" m6="-0.150969" m7="0" m8="-0.147719" m9="0.0316214" m10="0.988524" m11="0" m12="-0.173287" m13="0.382465" m14="-0.0386772" m15="1" />
                    <BoneConnect bone_id="-1" num_connections="0" m0="1" m1="0" m2="0" m3="0" m4="0" m5="1" m6="0" m7="0" m8="0" m9="0" m10="1" m11="0" m12="0" m13="0" m14="0" m15="1" />
                    <BoneConnect bone_id="-1" num_connections="0" m0="1" m1="0" m2="0" m3="0" m4="0" m5="1" m6="0" m7="0" m8="0" m9="0" m10="1" m11="0" m12="0" m13="0" m14="0" m15="1" />
                    <BoneConnect bone_id="-1" num_connections="0" m0="1" m1="0" m2="0" m3="0" m4="0" m5="1" m6="0" m7="0" m8="0" m9="0" m10="1" m11="0" m12="0" m13="0" m14="0" m15="1" />
                </EnvObjectAttachment>
                <EnvObjectAttachment>
                    <BoneConnect bone_id="4" num_connections="1" m0="0.988239" m1="0.0394262" m2="0.147745" m3="0" m4="-0.0387359" m5="0.999221" m6="-0.00754833" m7="0" m8="-0.147927" m9="0.00173653" m10="0.988997" m11="0" m12="0.16363" m13="0.391085" m14="-0.0226479" m15="1" />
                    <BoneConnect bone_id="-1" num_connections="0" m0="1" m1="0" m2="0" m3="0" m4="0" m5="1" m6="0" m7="0" m8="0" m9="0" m10="1" m11="0" m12="0" m13="0" m14="0" m15="1" />
                    <BoneConnect bone_id="-1" num_connections="0" m0="1" m1="0" m2="0" m3="0" m4="0" m5="1" m6="0" m7="0" m8="0" m9="0" m10="1" m11="0" m12="0" m13="0" m14="0" m15="1" />
                    <BoneConnect bone_id="-1" num_connections="0" m0="1" m1="0" m2="0" m3="0" m4="0" m5="1" m6="0" m7="0" m8="0" m9="0" m10="1" m11="0" m12="0" m13="0" m14="0" m15="1" />
                </EnvObjectAttachment>
                <EnvObjectAttachment>
                    <BoneConnect bone_id="2" num_connections="1" m0="0.988863" m1="0.00321531" m2="0.148795" m3="0" m4="0.148828" m5="-0.0162287" m6="-0.98873" m7="0" m8="-0.000764326" m9="0.999863" m10="-0.0165264" m11="0" m12="0.00459194" m13="0.147111" m14="-0.0464821" m15="1" />
                    <BoneConnect bone_id="1" num_connections="1" m0="0.997239" m1="0.00263418" m2="0.0742067" m3="0" m4="0.0742355" m5="-0.0133684" m6="-0.997151" m7="0" m8="-0.00163465" m9="0.999907" m10="-0.013527" m11="0" m12="0.0016737" m13="0.170681" m14="-0.0475616" m15="1" />
                    <BoneConnect bone_id="-1" num_connections="0" m0="1" m1="0" m2="0" m3="0" m4="0" m5="1" m6="0" m7="0" m8="0" m9="0" m10="1" m11="0" m12="0" m13="0" m14="0" m15="1" />
                    <BoneConnect bone_id="-1" num_connections="0" m0="1" m1="0" m2="0" m3="0" m4="0" m5="1" m6="0" m7="0" m8="0" m9="0" m10="1" m11="0" m12="0" m13="0" m14="0" m15="1" />
                </EnvObjectAttachment>
                <EnvObjectAttachment>
                    <BoneConnect bone_id="21" num_connections="1" m0="0.524977" m1="0.830048" m2="-0.188201" m3="0" m4="-0.820881" m5="0.552208" m6="0.145675" m7="0" m8="0.224843" m9="0.0780146" m10="0.971267" m11="0" m12="-0.476912" m13="0.193991" m14="-0.00105286" m15="1" />
                    <BoneConnect bone_id="22" num_connections="1" m0="0.522497" m1="0.840166" m2="-0.145318" m3="0" m4="-0.808535" m5="0.542326" m6="0.228374" m7="0" m8="0.270682" m9="-0.00183022" m10="0.962667" m11="0" m12="-0.465107" m13="0.196769" m14="0.00174713" m15="1" />
                    <BoneConnect bone_id="-1" num_connections="0" m0="1" m1="0" m2="0" m3="0" m4="0" m5="1" m6="0" m7="0" m8="0" m9="0" m10="1" m11="0" m12="0" m13="0" m14="0" m15="1" />
                    <BoneConnect bone_id="-1" num_connections="0" m0="1" m1="0" m2="0" m3="0" m4="0" m5="1" m6="0" m7="0" m8="0" m9="0" m10="1" m11="0" m12="0" m13="0" m14="0" m15="1" />
                </EnvObjectAttachment>
                <EnvObjectAttachment>
                    <BoneConnect bone_id="20" num_connections="1" m0="0.633664" m1="0.759257" m2="-0.148282" m3="0" m4="-0.756339" m5="0.567771" m6="-0.324926" m7="0" m8="-0.162514" m9="0.318048" m10="0.934042" m11="0" m12="-0.338108" m13="0.282831" m14="-0.0254936" m15="1" />
                    <BoneConnect bone_id="-1" num_connections="0" m0="1" m1="0" m2="0" m3="0" m4="0" m5="1" m6="0" m7="0" m8="0" m9="0" m10="1" m11="0" m12="0" m13="0" m14="0" m15="1" />
                    <BoneConnect bone_id="-1" num_connections="0" m0="1" m1="0" m2="0" m3="0" m4="0" m5="1" m6="0" m7="0" m8="0" m9="0" m10="1" m11="0" m12="0" m13="0" m14="0" m15="1" />
                    <BoneConnect bone_id="-1" num_connections="0" m0="1" m1="0" m2="0" m3="0" m4="0" m5="1" m6="0" m7="0" m8="0" m9="0" m10="1" m11="0" m12="0" m13="0" m14="0" m15="1" />
                </EnvObjectAttachment>
                <EnvObjectAttachment>
                    <BoneConnect bone_id="7" num_connections="1" m0="-0.705413" m1="0.655901" m2="0.268692" m3="0" m4="0.605444" m5="0.360448" m6="0.709596" m7="0" m8="0.368576" m9="0.663229" m10="-0.651378" m11="0" m12="0.319079" m13="0.300425" m14="0.00167084" m15="1" />
                    <BoneConnect bone_id="-1" num_connections="0" m0="1" m1="0" m2="0" m3="0" m4="0" m5="1" m6="0" m7="0" m8="0" m9="0" m10="1" m11="0" m12="0" m13="0" m14="0" m15="1" />
                    <BoneConnect bone_id="-1" num_connections="0" m0="1" m1="0" m2="0" m3="0" m4="0" m5="1" m6="0" m7="0" m8="0" m9="0" m10="1" m11="0" m12="0" m13="0" m14="0" m15="1" />
                    <BoneConnect bone_id="-1" num_connections="0" m0="1" m1="0" m2="0" m3="0" m4="0" m5="1" m6="0" m7="0" m8="0" m9="0" m10="1" m11="0" m12="0" m13="0" m14="0" m15="1" />
                </EnvObjectAttachment>
                <EnvObjectAttachment>
                    <BoneConnect bone_id="47" num_connections="1" m0="0.0869137" m1="-0.636547" m2="0.766325" m3="0" m4="0.0661185" m5="0.771226" m6="0.633119" m7="0" m8="-0.994019" m9="-0.00435842" m10="0.109118" m11="0" m12="-0.0865965" m13="-0.294477" m14="0.0922546" m15="1" />
                    <BoneConnect bone_id="46" num_connections="1" m0="-0.00652869" m1="-0.627044" m2="0.778956" m3="0" m4="-0.0521252" m5="0.778128" m6="0.62594" m7="0" m8="-0.998619" m9="-0.0365167" m10="-0.0377649" m11="0" m12="-0.0972579" m13="-0.307133" m14="0.0966644" m15="1" />
                    <BoneConnect bone_id="-1" num_connections="0" m0="1" m1="0" m2="0" m3="0" m4="0" m5="1" m6="0" m7="0" m8="0" m9="0" m10="1" m11="0" m12="0" m13="0" m14="0" m15="1" />
                    <BoneConnect bone_id="-1" num_connections="0" m0="1" m1="0" m2="0" m3="0" m4="0" m5="1" m6="0" m7="0" m8="0" m9="0" m10="1" m11="0" m12="0" m13="0" m14="0" m15="1" />
                </EnvObjectAttachment>
                <EnvObjectAttachment>
                    <BoneConnect bone_id="40" num_connections="1" m0="0.17154" m1="-0.583619" m2="0.793702" m3="0" m4="0.0260875" m5="0.808052" m6="0.588533" m7="0" m8="-0.984832" m9="-0.0802509" m10="0.153838" m11="0" m12="0.109909" m13="-0.286672" m14="0.0954132" m15="1" />
                    <BoneConnect bone_id="39" num_connections="1" m0="0.215759" m1="-0.583133" m2="0.783202" m3="0" m4="0.0772928" m5="0.809776" m6="0.581626" m7="0" m8="-0.973383" m9="-0.064955" m10="0.219788" m11="0" m12="0.115436" m13="-0.300282" m14="0.0974655" m15="1" />
                    <BoneConnect bone_id="-1" num_connections="0" m0="1" m1="0" m2="0" m3="0" m4="0" m5="1" m6="0" m7="0" m8="0" m9="0" m10="1" m11="0" m12="0" m13="0" m14="0" m15="1" />
                    <BoneConnect bone_id="-1" num_connections="0" m0="1" m1="0" m2="0" m3="0" m4="0" m5="1" m6="0" m7="0" m8="0" m9="0" m10="1" m11="0" m12="0" m13="0" m14="0" m15="1" />
                </EnvObjectAttachment>
            </EnvObjectAttachments>
            <EnvObject s0="1.35441" s1="1.35441" s2="1.35441" id="14099" color_r="1" color_g="1" color_b="1" overbright="0" type_file="Data/Objects/therium/Gear/dog_armour_grey/dog_armor_lower_arm.xml">
                <parameters />
            </EnvObject>
            <EnvObject s0="1.09475" s1="1.09475" s2="1.09475" id="14100" color_r="1" color_g="1" color_b="1" overbright="0" type_file="Data/Objects/therium/Gear/dog_armour_grey/dog_armor_helmet.xml">
                <parameters />
            </EnvObject>
            <EnvObject s0="1" s1="1" s2="1" id="14101" color_r="1" color_g="1" color_b="1" overbright="0" type_file="Data/Objects/therium/Gear/dog_armour_grey/dog_armor_head_straps.xml">
                <parameters />
            </EnvObject>
            <EnvObject s0="1.41525" s1="1.41525" s2="1.41525" id="14399" color_r="1" color_g="1" color_b="1" overbright="0" type_file="Data/Objects/therium/Gear/dog_armour_grey/dog_armor_shoulder_b.xml">
                <parameters />
            </EnvObject>
            <EnvObject s0="1.41525" s1="1.41525" s2="1.41525" id="14400" color_r="1" color_g="1" color_b="1" overbright="0" type_file="Data/Objects/therium/Gear/dog_armour_grey/dog_armor_shoulder_b.xml">
                <parameters />
            </EnvObject>
            <EnvObject s0="0.377928" s1="0.40764" s2="0.387258" id="14401" color_r="1" color_g="1" color_b="1" overbright="0" type_file="Data/Objects/standard-buckler.xml">
                <parameters />
            </EnvObject>
            <EnvObject s0="1.06226" s1="0.655558" s2="0.655556" id="14402" color_r="1" color_g="1" color_b="1" overbright="0" type_file="Data/Objects/therium/Gear/dog_armour_grey/dog_armor_shoulder_a.xml">
                <parameters />
            </EnvObject>
            <EnvObject s0="1.26528" s1="0.780845" s2="0.780842" id="14403" color_r="1" color_g="1" color_b="1" overbright="0" type_file="Data/Objects/therium/Gear/dog_armour_grey/dog_armor_shoulder_a.xml">
                <parameters />
            </EnvObject>
            <EnvObject s0="1.26528" s1="0.780845" s2="0.780842" id="14404" color_r="1" color_g="1" color_b="1" overbright="0" type_file="Data/Objects/therium/Gear/dog_armour_grey/dog_armor_shoulder_a.xml">
                <parameters />
            </EnvObject>
            <EnvObject s0="1.67193" s1="1.67193" s2="1.67193" id="14405" color_r="1" color_g="1" color_b="1" overbright="0" type_file="Data/Objects/therium/Gear/dog_armour_grey/dog_armor_lower_arm.xml">
                <parameters />
            </EnvObject>
            <EnvObject s0="1.67193" s1="1.67193" s2="1.67193" id="14406" color_r="1" color_g="1" color_b="1" overbright="0" type_file="Data/Objects/therium/Gear/dog_armour_grey/dog_armor_lower_arm.xml">
                <parameters />
            </EnvObject>
        </ActorObject>
        <ItemObject name="Streets Guard" t0="23.3628" t1="0.374655" t2="-45.6118" s0="1" s1="1" s2="1" q0="0" q1="0" q2="0" q3="1" euler_x="0" euler_y="0" euler_z="0" id="14411" type_file="Data/Items/cinderbreathe_weapons/cinderbreathebroadsword.xml" color_r="1" color_g="1" color_b="1" overbright="0">
            <parameters />
        </ItemObject>
        <ItemObject name="Streets Guard" t0="21.9622" t1="0.374649" t2="-45.6118" s0="1" s1="1" s2="1" q0="0" q1="0" q2="0" q3="1" euler_x="0" euler_y="0" euler_z="0" id="14412" type_file="Data/Items/cinderbreathe_weapons/cinderbreathebroadsword.xml" color_r="1" color_g="1" color_b="1" overbright="0">
            <parameters />
        </ItemObject>
        <ActorObject name="Streets Guard" t0="19.5248" t1="0.131529" t2="-45.6609" s0="1.05096" s1="1.05096" s2="1.05096" q0="-4.47631e-05" q1="0.258483" q2="0.000171363" q3="0.966016" euler_x="2.42979e-06" euler_y="0.522903" euler_z="0.000355433" id="14470" type_file="Data/Objects/characters/dogs/light_armored_dog_male_3_actor.xml" is_player="0">
            <parameters>
                <parameter name="Aggression" type="float" val="0.87879" />
                <parameter name="Attack Damage" type="float" val="1" />
                <parameter name="Attack Knockback" type="float" val="1" />
                <parameter name="Attack Speed" type="float" val="1" />
                <parameter name="Block Follow-up" type="float" val="0.5" />
                <parameter name="Block Skill" type="float" val="0.5" />
                <parameter name="Cannot Be Disarmed" type="int" val="0" />
                <parameter name="Character Scale" type="float" val="1.0507" />
                <parameter name="Damage Resistance" type="float" val="1.34409" />
                <parameter name="Ear Size" type="float" val="1.4697" />
                <parameter name="Fall Damage Multiplier" type="float" val="1" />
                <parameter name="Fat" type="float" val="0.38172" />
                <parameter name="Fear - Afraid At Health Level" type="float" val="0" />
                <parameter name="Fear - Always Afraid On Sight" type="int" val="0" />
                <parameter name="Fear - Causes Fear On Sight" type="int" val="0" />
                <parameter name="Fear - Never Afraid On Sight" type="int" val="1" />
                <parameter name="Focus FOV distance" type="float" val="100" />
                <parameter name="Focus FOV horizontal" type="float" val="0.62834" />
                <parameter name="Focus FOV vertical" type="float" val="0.62834" />
                <parameter name="Ground Aggression" type="float" val="0.5" />
                <parameter name="Jump - Air Control" type="float" val="3" />
                <parameter name="Jump - Initial Velocity" type="float" val="5" />
                <parameter name="Jump - Jump Sustain" type="float" val="5" />
                <parameter name="Jump - Jump Sustain Boost" type="float" val="10" />
                <parameter name="Knockout Shield" type="int" val="4" />
                <parameter name="Left handed" type="int" val="0" />
                <parameter name="Movement Speed" type="float" val="1" />
                <parameter name="Muscle" type="float" val="0.5" />
                <parameter name="No Look Around" type="int" val="0" />
                <parameter name="Peripheral FOV distance" type="float" val="4" />
                <parameter name="Peripheral FOV horizontal" type="float" val="1.41376" />
                <parameter name="Peripheral FOV vertical" type="float" val="1.41376" />
                <parameter name="Species" type="string" val="dog" />
                <parameter name="Static" type="int" val="1" />
                <parameter name="Stick To Nav Mesh" type="int" val="0" />
                <parameter name="Teams" type="string" val="guard" />
                <parameter name="Throw Counter Probability" type="float" val="0.4" />
                <parameter name="Throw Trainer" type="int" val="0" />
                <parameter name="Weapon Catch Skill" type="float" val="1" />
                <parameter name="Wearing Metal Armor" type="int" val="1" />
            </parameters>
            <Connections>
                <Connection id="14479" />
            </Connections>
            <ItemConnections>
                <ItemConnection id="14475" type="0" mirrored="0" attachment="" />
                <ItemConnection id="14476" type="1" mirrored="0" attachment="" />
                <ItemConnection id="14493" type="1" mirrored="1" attachment="" />
            </ItemConnections>
            <Palette>
                <Color label="Fur" channel="0" red="0.0784314" green="0.0636678" blue="0.0636678" />
                <Color label="Shirt" channel="1" red="0.0430604" green="0.154916" blue="0.439216" />
                <Color label="Armor" channel="2" red="0.133333" green="0.0820915" blue="0.0820915" />
                <Color label="Fur patches" channel="3" red="0.117647" green="0.0992303" blue="0.0636678" />
            </Palette>
